Dynamical matrix file
                                                                           
  1    2  2 10.1870000  0.0000000  0.0000000  0.0000000  0.0000000  0.0000000
           1  'Si  '    25598.3672624059     
    1    1      0.0000000      0.0000000      0.0000000
    2    1      0.2500000      0.2500000      0.2500000

     Dynamical  Matrix in cartesian axes

     q = (   -0.250000000   0.250000000  -0.250000000 ) 

  1  1
  0.28834387  0.00000000   -0.01219556  0.00000000    0.01219556  0.00000000
 -0.01219556  0.00000000    0.28834387  0.00000000   -0.01219556  0.00000000
  0.01219556  0.00000000   -0.01219556  0.00000000    0.28834387  0.00000000
  1  2
 -0.21330285 -0.06246787   -0.04318615  0.04430153    0.04318615 -0.04430153
 -0.04318615  0.04430153   -0.21330285 -0.06246787   -0.04318615  0.04430153
  0.04318615 -0.04430153   -0.04318615  0.04430153   -0.21330285 -0.06246787
  2  1
 -0.21330285  0.06246787   -0.04318615 -0.04430153    0.04318615  0.04430153
 -0.04318615 -0.04430153   -0.21330285  0.06246787   -0.04318615 -0.04430153
  0.04318615  0.04430153   -0.04318615 -0.04430153   -0.21330285  0.06246787
  2  2
  0.28834387  0.00000000   -0.01219556  0.00000000    0.01219556  0.00000000
 -0.01219556  0.00000000    0.28834387  0.00000000   -0.01219556  0.00000000
  0.01219556  0.00000000   -0.01219556  0.00000000    0.28834387  0.00000000

     Dynamical  Matrix in cartesian axes

     q = (    0.250000000   0.250000000  -0.250000000 ) 

  1  1
  0.28834387  0.00000000    0.01219556  0.00000000   -0.01219556  0.00000000
  0.01219556  0.00000000    0.28834387  0.00000000   -0.01219556  0.00000000
 -0.01219556  0.00000000   -0.01219556  0.00000000    0.28834387  0.00000000
  1  2
 -0.21330285  0.06246787    0.04318615  0.04430153   -0.04318615 -0.04430153
  0.04318615  0.04430153   -0.21330285  0.06246787   -0.04318615 -0.04430153
 -0.04318615 -0.04430153   -0.04318615 -0.04430153   -0.21330285  0.06246787
  2  1
 -0.21330285 -0.06246787    0.04318615 -0.04430153   -0.04318615  0.04430153
  0.04318615 -0.04430153   -0.21330285 -0.06246787   -0.04318615  0.04430153
 -0.04318615  0.04430153   -0.04318615  0.04430153   -0.21330285 -0.06246787
  2  2
  0.28834387  0.00000000    0.01219556  0.00000000   -0.01219556  0.00000000
  0.01219556  0.00000000    0.28834387  0.00000000   -0.01219556  0.00000000
 -0.01219556  0.00000000   -0.01219556  0.00000000    0.28834387  0.00000000

     Dynamical  Matrix in cartesian axes

     q = (   -0.250000000  -0.250000000  -0.250000000 ) 

  1  1
  0.28834387  0.00000000    0.01219556  0.00000000    0.01219556  0.00000000
  0.01219556  0.00000000    0.28834387  0.00000000    0.01219556  0.00000000
  0.01219556  0.00000000    0.01219556  0.00000000    0.28834387  0.00000000
  1  2
 -0.06246787 -0.21330285   -0.04430153  0.04318615   -0.04430153  0.04318615
 -0.04430153  0.04318615   -0.06246787 -0.21330285   -0.04430153  0.04318615
 -0.04430153  0.04318615   -0.04430153  0.04318615   -0.06246787 -0.21330285
  2  1
 -0.06246787  0.21330285   -0.04430153 -0.04318615   -0.04430153 -0.04318615
 -0.04430153 -0.04318615   -0.06246787  0.21330285   -0.04430153 -0.04318615
 -0.04430153 -0.04318615   -0.04430153 -0.04318615   -0.06246787  0.21330285
  2  2
  0.28834387  0.00000000    0.01219556  0.00000000    0.01219556  0.00000000
  0.01219556  0.00000000    0.28834387  0.00000000    0.01219556  0.00000000
  0.01219556  0.00000000    0.01219556  0.00000000    0.28834387  0.00000000

     Dynamical  Matrix in cartesian axes

     q = (    0.250000000  -0.250000000   0.250000000 ) 

  1  1
  0.28834387  0.00000000   -0.01219556  0.00000000    0.01219556  0.00000000
 -0.01219556  0.00000000    0.28834387  0.00000000   -0.01219556  0.00000000
  0.01219556  0.00000000   -0.01219556  0.00000000    0.28834387  0.00000000
  1  2
 -0.21330285  0.06246787   -0.04318615 -0.04430153    0.04318615  0.04430153
 -0.04318615 -0.04430153   -0.21330285  0.06246787   -0.04318615 -0.04430153
  0.04318615  0.04430153   -0.04318615 -0.04430153   -0.21330285  0.06246787
  2  1
 -0.21330285 -0.06246787   -0.04318615  0.04430153    0.04318615 -0.04430153
 -0.04318615  0.04430153   -0.21330285 -0.06246787   -0.04318615  0.04430153
  0.04318615 -0.04430153   -0.04318615  0.04430153   -0.21330285 -0.06246787
  2  2
  0.28834387  0.00000000   -0.01219556  0.00000000    0.01219556  0.00000000
 -0.01219556  0.00000000    0.28834387  0.00000000   -0.01219556  0.00000000
  0.01219556  0.00000000   -0.01219556  0.00000000    0.28834387  0.00000000

     Dynamical  Matrix in cartesian axes

     q = (   -0.250000000   0.250000000   0.250000000 ) 

  1  1
  0.28834387  0.00000000   -0.01219556  0.00000000   -0.01219556  0.00000000
 -0.01219556  0.00000000    0.28834387  0.00000000    0.01219556  0.00000000
 -0.01219556  0.00000000    0.01219556  0.00000000    0.28834387  0.00000000
  1  2
 -0.21330285  0.06246787   -0.04318615 -0.04430153   -0.04318615 -0.04430153
 -0.04318615 -0.04430153   -0.21330285  0.06246787    0.04318615  0.04430153
 -0.04318615 -0.04430153    0.04318615  0.04430153   -0.21330285  0.06246787
  2  1
 -0.21330285 -0.06246787   -0.04318615  0.04430153   -0.04318615  0.04430153
 -0.04318615  0.04430153   -0.21330285 -0.06246787    0.04318615 -0.04430153
 -0.04318615  0.04430153    0.04318615 -0.04430153   -0.21330285 -0.06246787
  2  2
  0.28834387  0.00000000   -0.01219556  0.00000000   -0.01219556  0.00000000
 -0.01219556  0.00000000    0.28834387  0.00000000    0.01219556  0.00000000
 -0.01219556  0.00000000    0.01219556  0.00000000    0.28834387  0.00000000

     Dynamical  Matrix in cartesian axes

     q = (    0.250000000  -0.250000000  -0.250000000 ) 

  1  1
  0.28834387  0.00000000   -0.01219556  0.00000000   -0.01219556  0.00000000
 -0.01219556  0.00000000    0.28834387  0.00000000    0.01219556  0.00000000
 -0.01219556  0.00000000    0.01219556  0.00000000    0.28834387  0.00000000
  1  2
 -0.21330285 -0.06246787   -0.04318615  0.04430153   -0.04318615  0.04430153
 -0.04318615  0.04430153   -0.21330285 -0.06246787    0.04318615 -0.04430153
 -0.04318615  0.04430153    0.04318615 -0.04430153   -0.21330285 -0.06246787
  2  1
 -0.21330285  0.06246787   -0.04318615 -0.04430153   -0.04318615 -0.04430153
 -0.04318615 -0.04430153   -0.21330285  0.06246787    0.04318615  0.04430153
 -0.04318615 -0.04430153    0.04318615  0.04430153   -0.21330285  0.06246787
  2  2
  0.28834387  0.00000000   -0.01219556  0.00000000   -0.01219556  0.00000000
 -0.01219556  0.00000000    0.28834387  0.00000000    0.01219556  0.00000000
 -0.01219556  0.00000000    0.01219556  0.00000000    0.28834387  0.00000000

     Dynamical  Matrix in cartesian axes

     q = (   -0.250000000  -0.250000000   0.250000000 ) 

  1  1
  0.28834387  0.00000000    0.01219556  0.00000000   -0.01219556  0.00000000
  0.01219556  0.00000000    0.28834387  0.00000000   -0.01219556  0.00000000
 -0.01219556  0.00000000   -0.01219556  0.00000000    0.28834387  0.00000000
  1  2
 -0.21330285 -0.06246787    0.04318615 -0.04430153   -0.04318615  0.04430153
  0.04318615 -0.04430153   -0.21330285 -0.06246787   -0.04318615  0.04430153
 -0.04318615  0.04430153   -0.04318615  0.04430153   -0.21330285 -0.06246787
  2  1
 -0.21330285  0.06246787    0.04318615  0.04430153   -0.04318615 -0.04430153
  0.04318615  0.04430153   -0.21330285  0.06246787   -0.04318615 -0.04430153
 -0.04318615 -0.04430153   -0.04318615 -0.04430153   -0.21330285  0.06246787
  2  2
  0.28834387  0.00000000    0.01219556  0.00000000   -0.01219556  0.00000000
  0.01219556  0.00000000    0.28834387  0.00000000   -0.01219556  0.00000000
 -0.01219556  0.00000000   -0.01219556  0.00000000    0.28834387  0.00000000

     Dynamical  Matrix in cartesian axes

     q = (    0.250000000   0.250000000   0.250000000 ) 

  1  1
  0.28834387  0.00000000    0.01219556  0.00000000    0.01219556  0.00000000
  0.01219556  0.00000000    0.28834387  0.00000000    0.01219556  0.00000000
  0.01219556  0.00000000    0.01219556  0.00000000    0.28834387  0.00000000
  1  2
 -0.06246787  0.21330285   -0.04430153 -0.04318615   -0.04430153 -0.04318615
 -0.04430153 -0.04318615   -0.06246787  0.21330285   -0.04430153 -0.04318615
 -0.04430153 -0.04318615   -0.04430153 -0.04318615   -0.06246787  0.21330285
  2  1
 -0.06246787 -0.21330285   -0.04430153  0.04318615   -0.04430153  0.04318615
 -0.04430153  0.04318615   -0.06246787 -0.21330285   -0.04430153  0.04318615
 -0.04430153  0.04318615   -0.04430153  0.04318615   -0.06246787 -0.21330285
  2  2
  0.28834387  0.00000000    0.01219556  0.00000000    0.01219556  0.00000000
  0.01219556  0.00000000    0.28834387  0.00000000    0.01219556  0.00000000
  0.01219556  0.00000000    0.01219556  0.00000000    0.28834387  0.00000000

     Diagonalizing the dynamical matrix

     q = (   -0.250000000   0.250000000  -0.250000000 ) 

 **************************************************************************
     omega( 1) =       2.835539 [THz] =      94.584043 [cm-1]
 (  0.462943 -0.035625 -0.060587 -0.072705 -0.523530 -0.037080 ) 
 (  0.459269 -0.068243 -0.065572 -0.068243 -0.524841  0.000000 ) 
     omega( 2) =       2.835539 [THz] =      94.584043 [cm-1]
 ( -0.318911  0.126666 -0.558882  0.109669 -0.239971 -0.016996 ) 
 ( -0.309165  0.148880 -0.549737  0.148880 -0.240573  0.000000 ) 
     omega( 3) =       6.985618 [THz] =     233.016668 [cm-1]
 ( -0.262620 -0.312566  0.262620  0.312566 -0.262620 -0.312566 ) 
 ( -0.408248  0.000000  0.408248  0.000000 -0.408248  0.000000 ) 
     omega( 4) =      14.685004 [THz] =     489.842248 [cm-1]
 ( -0.262620 -0.312566  0.262620  0.312566 -0.262620 -0.312566 ) 
 (  0.408248  0.000000 -0.408248  0.000000  0.408248  0.000000 ) 
     omega( 5) =      15.015668 [THz] =     500.872087 [cm-1]
 ( -0.134558  0.128691 -0.539218  0.100030 -0.404660 -0.028661 ) 
 (  0.125129 -0.137876  0.530803 -0.137876  0.405674  0.000000 ) 
     omega( 6) =      15.015668 [THz] =     500.872087 [cm-1]
 (  0.537569 -0.098420  0.127788 -0.127443 -0.409780 -0.029023 ) 
 ( -0.529272  0.136153 -0.118465  0.136153  0.410807  0.000000 ) 
 **************************************************************************
