Dynamical matrix file
                                                                           
  1    2  2 10.1870000  0.0000000  0.0000000  0.0000000  0.0000000  0.0000000
           1  'Si  '    25598.3672624059     
    1    1      0.0000000      0.0000000      0.0000000
    2    1      0.2500000      0.2500000      0.2500000

     Dynamical  Matrix in cartesian axes

     q = (    0.200000000   0.000000000   0.000000000 ) 

  1  1
  0.29573586  0.00000000    0.00000000  0.00000000    0.00000000  0.00000000
  0.00000000  0.00000000    0.27999172  0.00000000    0.00000000  0.00000000
  0.00000000  0.00000000    0.00000000  0.00000000    0.27999172  0.00000000
  1  2
 -0.25851563  0.08399682    0.00000000  0.00000000    0.00000000  0.00000000
  0.00000000  0.00000000   -0.25140831  0.08168751   -0.01585215 -0.04878789
  0.00000000  0.00000000   -0.01585215 -0.04878789   -0.25140831  0.08168751
  2  1
 -0.25851563 -0.08399682    0.00000000  0.00000000    0.00000000  0.00000000
  0.00000000  0.00000000   -0.25140831 -0.08168751   -0.01585215  0.04878789
  0.00000000  0.00000000   -0.01585215  0.04878789   -0.25140831 -0.08168751
  2  2
  0.29573586  0.00000000    0.00000000  0.00000000    0.00000000  0.00000000
  0.00000000  0.00000000    0.27999172  0.00000000    0.00000000  0.00000000
  0.00000000  0.00000000    0.00000000  0.00000000    0.27999172  0.00000000

     Dynamical  Matrix in cartesian axes

     q = (    0.000000000   0.000000000   0.200000000 ) 

  1  1
  0.27999172  0.00000000    0.00000000  0.00000000    0.00000000  0.00000000
  0.00000000  0.00000000    0.27999172  0.00000000    0.00000000  0.00000000
  0.00000000  0.00000000    0.00000000  0.00000000    0.29573586  0.00000000
  1  2
 -0.25140831  0.08168751   -0.01585215 -0.04878789    0.00000000  0.00000000
 -0.01585215 -0.04878789   -0.25140831  0.08168751    0.00000000  0.00000000
  0.00000000  0.00000000    0.00000000  0.00000000   -0.25851563  0.08399682
  2  1
 -0.25140831 -0.08168751   -0.01585215  0.04878789    0.00000000  0.00000000
 -0.01585215  0.04878789   -0.25140831 -0.08168751    0.00000000  0.00000000
  0.00000000  0.00000000    0.00000000  0.00000000   -0.25851563 -0.08399682
  2  2
  0.27999172  0.00000000    0.00000000  0.00000000    0.00000000  0.00000000
  0.00000000  0.00000000    0.27999172  0.00000000    0.00000000  0.00000000
  0.00000000  0.00000000    0.00000000  0.00000000    0.29573586  0.00000000

     Dynamical  Matrix in cartesian axes

     q = (    0.000000000   0.000000000  -0.200000000 ) 

  1  1
  0.27999172  0.00000000    0.00000000  0.00000000    0.00000000  0.00000000
  0.00000000  0.00000000    0.27999172  0.00000000    0.00000000  0.00000000
  0.00000000  0.00000000    0.00000000  0.00000000    0.29573586  0.00000000
  1  2
 -0.25140831 -0.08168751   -0.01585215  0.04878789    0.00000000  0.00000000
 -0.01585215  0.04878789   -0.25140831 -0.08168751    0.00000000  0.00000000
  0.00000000  0.00000000    0.00000000  0.00000000   -0.25851563 -0.08399682
  2  1
 -0.25140831  0.08168751   -0.01585215 -0.04878789    0.00000000  0.00000000
 -0.01585215 -0.04878789   -0.25140831  0.08168751    0.00000000  0.00000000
  0.00000000  0.00000000    0.00000000  0.00000000   -0.25851563  0.08399682
  2  2
  0.27999172  0.00000000    0.00000000  0.00000000    0.00000000  0.00000000
  0.00000000  0.00000000    0.27999172  0.00000000    0.00000000  0.00000000
  0.00000000  0.00000000    0.00000000  0.00000000    0.29573586  0.00000000

     Dynamical  Matrix in cartesian axes

     q = (   -0.200000000   0.000000000   0.000000000 ) 

  1  1
  0.29573586  0.00000000    0.00000000  0.00000000    0.00000000  0.00000000
  0.00000000  0.00000000    0.27999172  0.00000000    0.00000000  0.00000000
  0.00000000  0.00000000    0.00000000  0.00000000    0.27999172  0.00000000
  1  2
 -0.25851563 -0.08399682    0.00000000  0.00000000    0.00000000  0.00000000
  0.00000000  0.00000000   -0.25140831 -0.08168751   -0.01585215  0.04878789
  0.00000000  0.00000000   -0.01585215  0.04878789   -0.25140831 -0.08168751
  2  1
 -0.25851563  0.08399682    0.00000000  0.00000000    0.00000000  0.00000000
  0.00000000  0.00000000   -0.25140831  0.08168751   -0.01585215 -0.04878789
  0.00000000  0.00000000   -0.01585215 -0.04878789   -0.25140831  0.08168751
  2  2
  0.29573586  0.00000000    0.00000000  0.00000000    0.00000000  0.00000000
  0.00000000  0.00000000    0.27999172  0.00000000    0.00000000  0.00000000
  0.00000000  0.00000000    0.00000000  0.00000000    0.27999172  0.00000000

     Dynamical  Matrix in cartesian axes

     q = (    0.000000000   0.200000000   0.000000000 ) 

  1  1
  0.27999172  0.00000000    0.00000000  0.00000000    0.00000000  0.00000000
  0.00000000  0.00000000    0.29573586  0.00000000    0.00000000  0.00000000
  0.00000000  0.00000000    0.00000000  0.00000000    0.27999172  0.00000000
  1  2
 -0.25140831  0.08168751    0.00000000  0.00000000   -0.01585215 -0.04878789
  0.00000000  0.00000000   -0.25851563  0.08399682    0.00000000  0.00000000
 -0.01585215 -0.04878789    0.00000000  0.00000000   -0.25140831  0.08168751
  2  1
 -0.25140831 -0.08168751    0.00000000  0.00000000   -0.01585215  0.04878789
  0.00000000  0.00000000   -0.25851563 -0.08399682    0.00000000  0.00000000
 -0.01585215  0.04878789    0.00000000  0.00000000   -0.25140831 -0.08168751
  2  2
  0.27999172  0.00000000    0.00000000  0.00000000    0.00000000  0.00000000
  0.00000000  0.00000000    0.29573586  0.00000000    0.00000000  0.00000000
  0.00000000  0.00000000    0.00000000  0.00000000    0.27999172  0.00000000

     Dynamical  Matrix in cartesian axes

     q = (    0.000000000  -0.200000000   0.000000000 ) 

  1  1
  0.27999172  0.00000000    0.00000000  0.00000000    0.00000000  0.00000000
  0.00000000  0.00000000    0.29573586  0.00000000    0.00000000  0.00000000
  0.00000000  0.00000000    0.00000000  0.00000000    0.27999172  0.00000000
  1  2
 -0.25140831 -0.08168751    0.00000000  0.00000000   -0.01585215  0.04878789
  0.00000000  0.00000000   -0.25851563 -0.08399682    0.00000000  0.00000000
 -0.01585215  0.04878789    0.00000000  0.00000000   -0.25140831 -0.08168751
  2  1
 -0.25140831  0.08168751    0.00000000  0.00000000   -0.01585215 -0.04878789
  0.00000000  0.00000000   -0.25851563  0.08399682    0.00000000  0.00000000
 -0.01585215 -0.04878789    0.00000000  0.00000000   -0.25140831  0.08168751
  2  2
  0.27999172  0.00000000    0.00000000  0.00000000    0.00000000  0.00000000
  0.00000000  0.00000000    0.29573586  0.00000000    0.00000000  0.00000000
  0.00000000  0.00000000    0.00000000  0.00000000    0.27999172  0.00000000

     Diagonalizing the dynamical matrix

     q = (    0.200000000   0.000000000   0.000000000 ) 

 **************************************************************************
     omega( 1) =       2.128341 [THz] =      70.994275 [cm-1]
 (  0.000000  0.000000  0.178398  0.346309  0.564877 -0.170756 ) 
 (  0.000000  0.000000  0.063820  0.265049  0.652438  0.000000 ) 
     omega( 2) =       2.128341 [THz] =      70.994275 [cm-1]
 (  0.000000  0.000000  0.318971  0.496490 -0.360466  0.147716 ) 
 (  0.000000  0.000000  0.152732  0.634310 -0.272624  0.000000 ) 
     omega( 3) =       3.179914 [THz] =     106.071228 [cm-1]
 ( -0.704260  0.063389  0.000000  0.000000  0.000000  0.000000 ) 
 ( -0.689379 -0.157342  0.000000  0.000000  0.000000  0.000000 ) 
     omega( 4) =      15.239117 [THz] =     508.325615 [cm-1]
 (  0.000000  0.000000 -0.363091  0.591624 -0.114810 -0.070461 ) 
 (  0.000000  0.000000  0.537995 -0.458870  0.000000  0.000000 ) 
     omega( 5) =      15.239117 [THz] =     508.325615 [cm-1]
 (  0.000000  0.000000 -0.041627 -0.128114 -0.660183  0.214506 ) 
 (  0.000000  0.000000  0.000000  0.000000  0.707107  0.000000 ) 
     omega( 6) =      15.490704 [THz] =     516.717689 [cm-1]
 ( -0.654536  0.267549  0.000000  0.000000  0.000000  0.000000 ) 
 (  0.705178 -0.052192  0.000000  0.000000  0.000000  0.000000 ) 
 **************************************************************************
