Dynamical matrix file
                                                                           
  1    2  2 10.1870000  0.0000000  0.0000000  0.0000000  0.0000000  0.0000000
           1  'Si  '    25598.3672624059     
    1    1      0.0000000      0.0000000      0.0000000
    2    1      0.2500000      0.2500000      0.2500000

     Dynamical  Matrix in cartesian axes

     q = (    0.400000000   0.000000000   0.000000000 ) 

  1  1
  0.31582770  0.00000000    0.00000000  0.00000000    0.00000000  0.00000000
  0.00000000  0.00000000    0.26799604  0.00000000    0.00000000  0.00000000
  0.00000000  0.00000000    0.00000000  0.00000000    0.26799604  0.00000000
  1  2
 -0.18561192  0.13485496    0.00000000  0.00000000    0.00000000  0.00000000
  0.00000000  0.00000000   -0.17284163  0.12557679   -0.06339135 -0.08725071
  0.00000000  0.00000000   -0.06339135 -0.08725071   -0.17284163  0.12557679
  2  1
 -0.18561192 -0.13485496    0.00000000  0.00000000    0.00000000  0.00000000
  0.00000000  0.00000000   -0.17284163 -0.12557679   -0.06339135  0.08725071
  0.00000000  0.00000000   -0.06339135  0.08725071   -0.17284163 -0.12557679
  2  2
  0.31582770  0.00000000    0.00000000  0.00000000    0.00000000  0.00000000
  0.00000000  0.00000000    0.26799604  0.00000000    0.00000000  0.00000000
  0.00000000  0.00000000    0.00000000  0.00000000    0.26799604  0.00000000

     Dynamical  Matrix in cartesian axes

     q = (    0.000000000   0.000000000   0.400000000 ) 

  1  1
  0.26799604  0.00000000    0.00000000  0.00000000    0.00000000  0.00000000
  0.00000000  0.00000000    0.26799604  0.00000000    0.00000000  0.00000000
  0.00000000  0.00000000    0.00000000  0.00000000    0.31582770  0.00000000
  1  2
 -0.17284163  0.12557679   -0.06339135 -0.08725071    0.00000000  0.00000000
 -0.06339135 -0.08725071   -0.17284163  0.12557679    0.00000000  0.00000000
  0.00000000  0.00000000    0.00000000  0.00000000   -0.18561192  0.13485496
  2  1
 -0.17284163 -0.12557679   -0.06339135  0.08725071    0.00000000  0.00000000
 -0.06339135  0.08725071   -0.17284163 -0.12557679    0.00000000  0.00000000
  0.00000000  0.00000000    0.00000000  0.00000000   -0.18561192 -0.13485496
  2  2
  0.26799604  0.00000000    0.00000000  0.00000000    0.00000000  0.00000000
  0.00000000  0.00000000    0.26799604  0.00000000    0.00000000  0.00000000
  0.00000000  0.00000000    0.00000000  0.00000000    0.31582770  0.00000000

     Dynamical  Matrix in cartesian axes

     q = (    0.000000000   0.000000000  -0.400000000 ) 

  1  1
  0.26799604  0.00000000    0.00000000  0.00000000    0.00000000  0.00000000
  0.00000000  0.00000000    0.26799604  0.00000000    0.00000000  0.00000000
  0.00000000  0.00000000    0.00000000  0.00000000    0.31582770  0.00000000
  1  2
 -0.17284163 -0.12557679   -0.06339135  0.08725071    0.00000000  0.00000000
 -0.06339135  0.08725071   -0.17284163 -0.12557679    0.00000000  0.00000000
  0.00000000  0.00000000    0.00000000  0.00000000   -0.18561192 -0.13485496
  2  1
 -0.17284163  0.12557679   -0.06339135 -0.08725071    0.00000000  0.00000000
 -0.06339135 -0.08725071   -0.17284163  0.12557679    0.00000000  0.00000000
  0.00000000  0.00000000    0.00000000  0.00000000   -0.18561192  0.13485496
  2  2
  0.26799604  0.00000000    0.00000000  0.00000000    0.00000000  0.00000000
  0.00000000  0.00000000    0.26799604  0.00000000    0.00000000  0.00000000
  0.00000000  0.00000000    0.00000000  0.00000000    0.31582770  0.00000000

     Dynamical  Matrix in cartesian axes

     q = (   -0.400000000   0.000000000   0.000000000 ) 

  1  1
  0.31582770  0.00000000    0.00000000  0.00000000    0.00000000  0.00000000
  0.00000000  0.00000000    0.26799604  0.00000000    0.00000000  0.00000000
  0.00000000  0.00000000    0.00000000  0.00000000    0.26799604  0.00000000
  1  2
 -0.18561192 -0.13485496    0.00000000  0.00000000    0.00000000  0.00000000
  0.00000000  0.00000000   -0.17284163 -0.12557679   -0.06339135  0.08725071
  0.00000000  0.00000000   -0.06339135  0.08725071   -0.17284163 -0.12557679
  2  1
 -0.18561192  0.13485496    0.00000000  0.00000000    0.00000000  0.00000000
  0.00000000  0.00000000   -0.17284163  0.12557679   -0.06339135 -0.08725071
  0.00000000  0.00000000   -0.06339135 -0.08725071   -0.17284163  0.12557679
  2  2
  0.31582770  0.00000000    0.00000000  0.00000000    0.00000000  0.00000000
  0.00000000  0.00000000    0.26799604  0.00000000    0.00000000  0.00000000
  0.00000000  0.00000000    0.00000000  0.00000000    0.26799604  0.00000000

     Dynamical  Matrix in cartesian axes

     q = (    0.000000000   0.400000000   0.000000000 ) 

  1  1
  0.26799604  0.00000000    0.00000000  0.00000000    0.00000000  0.00000000
  0.00000000  0.00000000    0.31582770  0.00000000    0.00000000  0.00000000
  0.00000000  0.00000000    0.00000000  0.00000000    0.26799604  0.00000000
  1  2
 -0.17284163  0.12557679    0.00000000  0.00000000   -0.06339135 -0.08725071
  0.00000000  0.00000000   -0.18561192  0.13485496    0.00000000  0.00000000
 -0.06339135 -0.08725071    0.00000000  0.00000000   -0.17284163  0.12557679
  2  1
 -0.17284163 -0.12557679    0.00000000  0.00000000   -0.06339135  0.08725071
  0.00000000  0.00000000   -0.18561192 -0.13485496    0.00000000  0.00000000
 -0.06339135  0.08725071    0.00000000  0.00000000   -0.17284163 -0.12557679
  2  2
  0.26799604  0.00000000    0.00000000  0.00000000    0.00000000  0.00000000
  0.00000000  0.00000000    0.31582770  0.00000000    0.00000000  0.00000000
  0.00000000  0.00000000    0.00000000  0.00000000    0.26799604  0.00000000

     Dynamical  Matrix in cartesian axes

     q = (    0.000000000  -0.400000000   0.000000000 ) 

  1  1
  0.26799604  0.00000000    0.00000000  0.00000000    0.00000000  0.00000000
  0.00000000  0.00000000    0.31582770  0.00000000    0.00000000  0.00000000
  0.00000000  0.00000000    0.00000000  0.00000000    0.26799604  0.00000000
  1  2
 -0.17284163 -0.12557679    0.00000000  0.00000000   -0.06339135  0.08725071
  0.00000000  0.00000000   -0.18561192 -0.13485496    0.00000000  0.00000000
 -0.06339135  0.08725071    0.00000000  0.00000000   -0.17284163 -0.12557679
  2  1
 -0.17284163  0.12557679    0.00000000  0.00000000   -0.06339135 -0.08725071
  0.00000000  0.00000000   -0.18561192  0.13485496    0.00000000  0.00000000
 -0.06339135 -0.08725071    0.00000000  0.00000000   -0.17284163  0.12557679
  2  2
  0.26799604  0.00000000    0.00000000  0.00000000    0.00000000  0.00000000
  0.00000000  0.00000000    0.31582770  0.00000000    0.00000000  0.00000000
  0.00000000  0.00000000    0.00000000  0.00000000    0.26799604  0.00000000

     Diagonalizing the dynamical matrix

     q = (    0.400000000   0.000000000   0.000000000 ) 

 **************************************************************************
     omega( 1) =       3.481876 [THz] =     116.143639 [cm-1]
 (  0.000000  0.000000 -0.419607  0.371960 -0.429247 -0.036372 ) 
 (  0.000000  0.000000 -0.625180  0.195318 -0.266461  0.000000 ) 
     omega( 2) =       3.481876 [THz] =     116.143639 [cm-1]
 (  0.000000  0.000000  0.031499  0.429632  0.376698 -0.415359 ) 
 (  0.000000  0.000000 -0.254337  0.079460  0.654980  0.000000 ) 
     omega( 3) =       6.043949 [THz] =     201.605769 [cm-1]
 ( -0.687503  0.165346  0.000000  0.000000  0.000000  0.000000 ) 
 ( -0.653390 -0.270336  0.000000  0.000000  0.000000  0.000000 ) 
     omega( 4) =      14.645598 [THz] =     488.527816 [cm-1]
 (  0.000000  0.000000 -0.016318  0.283829  0.465183 -0.450310 ) 
 (  0.000000  0.000000  0.201670  0.092449 -0.671403  0.000000 ) 
     omega( 5) =      14.645598 [THz] =     488.527816 [cm-1]
 (  0.000000  0.000000  0.646361 -0.037306  0.219885  0.180211 ) 
 (  0.000000  0.000000 -0.610330 -0.279785 -0.221851  0.000000 ) 
     omega( 6) =      15.183348 [THz] =     506.465344 [cm-1]
 ( -0.302508  0.639132  0.000000  0.000000  0.000000  0.000000 ) 
 (  0.620406 -0.339259  0.000000  0.000000  0.000000  0.000000 ) 
 **************************************************************************
