Dynamical matrix file
                                                                           
  1    2  2 10.1870000  0.0000000  0.0000000  0.0000000  0.0000000  0.0000000
           1  'Si  '    25598.3672624059     
    1    1      0.0000000      0.0000000      0.0000000
    2    1      0.2500000      0.2500000      0.2500000

     Dynamical  Matrix in cartesian axes

     q = (    0.200000000   0.200000000   0.200000000 ) 

  1  1
  0.28853590  0.00000000    0.00892350  0.00000000    0.00892350  0.00000000
  0.00892350  0.00000000    0.28853590  0.00000000    0.00892350  0.00000000
  0.00892350  0.00000000    0.00892350  0.00000000    0.28853590  0.00000000
  1  2
 -0.13029400  0.20331560   -0.03009785 -0.04005146   -0.03009785 -0.04005146
 -0.03009785 -0.04005146   -0.13029400  0.20331560   -0.03009785 -0.04005146
 -0.03009785 -0.04005146   -0.03009785 -0.04005146   -0.13029400  0.20331560
  2  1
 -0.13029400 -0.20331560   -0.03009785  0.04005146   -0.03009785  0.04005146
 -0.03009785  0.04005146   -0.13029400 -0.20331560   -0.03009785  0.04005146
 -0.03009785  0.04005146   -0.03009785  0.04005146   -0.13029400 -0.20331560
  2  2
  0.28853590  0.00000000    0.00892350  0.00000000    0.00892350  0.00000000
  0.00892350  0.00000000    0.28853590  0.00000000    0.00892350  0.00000000
  0.00892350  0.00000000    0.00892350  0.00000000    0.28853590  0.00000000

     Dynamical  Matrix in cartesian axes

     q = (    0.200000000  -0.200000000   0.200000000 ) 

  1  1
  0.28853590  0.00000000   -0.00892350  0.00000000    0.00892350  0.00000000
 -0.00892350  0.00000000    0.28853590  0.00000000   -0.00892350  0.00000000
  0.00892350  0.00000000   -0.00892350  0.00000000    0.28853590  0.00000000
  1  2
 -0.23362769  0.06108899   -0.02879045 -0.04100134    0.02879045  0.04100134
 -0.02879045 -0.04100134   -0.23362769  0.06108899   -0.02879045 -0.04100134
  0.02879045  0.04100134   -0.02879045 -0.04100134   -0.23362769  0.06108899
  2  1
 -0.23362769 -0.06108899   -0.02879045  0.04100134    0.02879045 -0.04100134
 -0.02879045  0.04100134   -0.23362769 -0.06108899   -0.02879045  0.04100134
  0.02879045 -0.04100134   -0.02879045  0.04100134   -0.23362769 -0.06108899
  2  2
  0.28853590  0.00000000   -0.00892350  0.00000000    0.00892350  0.00000000
 -0.00892350  0.00000000    0.28853590  0.00000000   -0.00892350  0.00000000
  0.00892350  0.00000000   -0.00892350  0.00000000    0.28853590  0.00000000

     Dynamical  Matrix in cartesian axes

     q = (   -0.200000000   0.200000000   0.200000000 ) 

  1  1
  0.28853590  0.00000000   -0.00892350  0.00000000   -0.00892350  0.00000000
 -0.00892350  0.00000000    0.28853590  0.00000000    0.00892350  0.00000000
 -0.00892350  0.00000000    0.00892350  0.00000000    0.28853590  0.00000000
  1  2
 -0.23362769  0.06108899   -0.02879045 -0.04100134   -0.02879045 -0.04100134
 -0.02879045 -0.04100134   -0.23362769  0.06108899    0.02879045  0.04100134
 -0.02879045 -0.04100134    0.02879045  0.04100134   -0.23362769  0.06108899
  2  1
 -0.23362769 -0.06108899   -0.02879045  0.04100134   -0.02879045  0.04100134
 -0.02879045  0.04100134   -0.23362769 -0.06108899    0.02879045 -0.04100134
 -0.02879045  0.04100134    0.02879045 -0.04100134   -0.23362769 -0.06108899
  2  2
  0.28853590  0.00000000   -0.00892350  0.00000000   -0.00892350  0.00000000
 -0.00892350  0.00000000    0.28853590  0.00000000    0.00892350  0.00000000
 -0.00892350  0.00000000    0.00892350  0.00000000    0.28853590  0.00000000

     Dynamical  Matrix in cartesian axes

     q = (   -0.200000000  -0.200000000  -0.200000000 ) 

  1  1
  0.28853590  0.00000000    0.00892350  0.00000000    0.00892350  0.00000000
  0.00892350  0.00000000    0.28853590  0.00000000    0.00892350  0.00000000
  0.00892350  0.00000000    0.00892350  0.00000000    0.28853590  0.00000000
  1  2
 -0.13029400 -0.20331560   -0.03009785  0.04005146   -0.03009785  0.04005146
 -0.03009785  0.04005146   -0.13029400 -0.20331560   -0.03009785  0.04005146
 -0.03009785  0.04005146   -0.03009785  0.04005146   -0.13029400 -0.20331560
  2  1
 -0.13029400  0.20331560   -0.03009785 -0.04005146   -0.03009785 -0.04005146
 -0.03009785 -0.04005146   -0.13029400  0.20331560   -0.03009785 -0.04005146
 -0.03009785 -0.04005146   -0.03009785 -0.04005146   -0.13029400  0.20331560
  2  2
  0.28853590  0.00000000    0.00892350  0.00000000    0.00892350  0.00000000
  0.00892350  0.00000000    0.28853590  0.00000000    0.00892350  0.00000000
  0.00892350  0.00000000    0.00892350  0.00000000    0.28853590  0.00000000

     Dynamical  Matrix in cartesian axes

     q = (    0.200000000   0.200000000  -0.200000000 ) 

  1  1
  0.28853590  0.00000000    0.00892350  0.00000000   -0.00892350  0.00000000
  0.00892350  0.00000000    0.28853590  0.00000000   -0.00892350  0.00000000
 -0.00892350  0.00000000   -0.00892350  0.00000000    0.28853590  0.00000000
  1  2
 -0.23362769  0.06108899    0.02879045  0.04100134   -0.02879045 -0.04100134
  0.02879045  0.04100134   -0.23362769  0.06108899   -0.02879045 -0.04100134
 -0.02879045 -0.04100134   -0.02879045 -0.04100134   -0.23362769  0.06108899
  2  1
 -0.23362769 -0.06108899    0.02879045 -0.04100134   -0.02879045  0.04100134
  0.02879045 -0.04100134   -0.23362769 -0.06108899   -0.02879045  0.04100134
 -0.02879045  0.04100134   -0.02879045  0.04100134   -0.23362769 -0.06108899
  2  2
  0.28853590  0.00000000    0.00892350  0.00000000   -0.00892350  0.00000000
  0.00892350  0.00000000    0.28853590  0.00000000   -0.00892350  0.00000000
 -0.00892350  0.00000000   -0.00892350  0.00000000    0.28853590  0.00000000

     Dynamical  Matrix in cartesian axes

     q = (   -0.200000000  -0.200000000   0.200000000 ) 

  1  1
  0.28853590  0.00000000    0.00892350  0.00000000   -0.00892350  0.00000000
  0.00892350  0.00000000    0.28853590  0.00000000   -0.00892350  0.00000000
 -0.00892350  0.00000000   -0.00892350  0.00000000    0.28853590  0.00000000
  1  2
 -0.23362769 -0.06108899    0.02879045 -0.04100134   -0.02879045  0.04100134
  0.02879045 -0.04100134   -0.23362769 -0.06108899   -0.02879045  0.04100134
 -0.02879045  0.04100134   -0.02879045  0.04100134   -0.23362769 -0.06108899
  2  1
 -0.23362769  0.06108899    0.02879045  0.04100134   -0.02879045 -0.04100134
  0.02879045  0.04100134   -0.23362769  0.06108899   -0.02879045 -0.04100134
 -0.02879045 -0.04100134   -0.02879045 -0.04100134   -0.23362769  0.06108899
  2  2
  0.28853590  0.00000000    0.00892350  0.00000000   -0.00892350  0.00000000
  0.00892350  0.00000000    0.28853590  0.00000000   -0.00892350  0.00000000
 -0.00892350  0.00000000   -0.00892350  0.00000000    0.28853590  0.00000000

     Dynamical  Matrix in cartesian axes

     q = (   -0.200000000   0.200000000  -0.200000000 ) 

  1  1
  0.28853590  0.00000000   -0.00892350  0.00000000    0.00892350  0.00000000
 -0.00892350  0.00000000    0.28853590  0.00000000   -0.00892350  0.00000000
  0.00892350  0.00000000   -0.00892350  0.00000000    0.28853590  0.00000000
  1  2
 -0.23362769 -0.06108899   -0.02879045  0.04100134    0.02879045 -0.04100134
 -0.02879045  0.04100134   -0.23362769 -0.06108899   -0.02879045  0.04100134
  0.02879045 -0.04100134   -0.02879045  0.04100134   -0.23362769 -0.06108899
  2  1
 -0.23362769  0.06108899   -0.02879045 -0.04100134    0.02879045  0.04100134
 -0.02879045 -0.04100134   -0.23362769  0.06108899   -0.02879045 -0.04100134
  0.02879045  0.04100134   -0.02879045 -0.04100134   -0.23362769  0.06108899
  2  2
  0.28853590  0.00000000   -0.00892350  0.00000000    0.00892350  0.00000000
 -0.00892350  0.00000000    0.28853590  0.00000000   -0.00892350  0.00000000
  0.00892350  0.00000000   -0.00892350  0.00000000    0.28853590  0.00000000

     Dynamical  Matrix in cartesian axes

     q = (    0.200000000  -0.200000000  -0.200000000 ) 

  1  1
  0.28853590  0.00000000   -0.00892350  0.00000000   -0.00892350  0.00000000
 -0.00892350  0.00000000    0.28853590  0.00000000    0.00892350  0.00000000
 -0.00892350  0.00000000    0.00892350  0.00000000    0.28853590  0.00000000
  1  2
 -0.23362769 -0.06108899   -0.02879045  0.04100134   -0.02879045  0.04100134
 -0.02879045  0.04100134   -0.23362769 -0.06108899    0.02879045 -0.04100134
 -0.02879045  0.04100134    0.02879045 -0.04100134   -0.23362769 -0.06108899
  2  1
 -0.23362769  0.06108899   -0.02879045 -0.04100134   -0.02879045 -0.04100134
 -0.02879045 -0.04100134   -0.23362769  0.06108899    0.02879045  0.04100134
 -0.02879045 -0.04100134    0.02879045  0.04100134   -0.23362769  0.06108899
  2  2
  0.28853590  0.00000000   -0.00892350  0.00000000   -0.00892350  0.00000000
 -0.00892350  0.00000000    0.28853590  0.00000000    0.00892350  0.00000000
 -0.00892350  0.00000000    0.00892350  0.00000000    0.28853590  0.00000000

     Diagonalizing the dynamical matrix

     q = (    0.200000000   0.200000000   0.200000000 ) 

 **************************************************************************
     omega( 1) =       2.635362 [THz] =      87.906804 [cm-1]
 ( -0.166772  0.237295  0.277058 -0.505170 -0.110286  0.267875 ) 
 ( -0.282917 -0.063874  0.572606  0.063874 -0.289690  0.000000 ) 
     omega( 2) =       2.635362 [THz] =      87.906804 [cm-1]
 (  0.223789 -0.446240 -0.033660 -0.015565 -0.190129  0.461805 ) 
 (  0.497834  0.037051  0.001579 -0.037051 -0.499413  0.000000 ) 
     omega( 3) =       5.798287 [THz] =     193.411319 [cm-1]
 (  0.342790 -0.221724  0.342790 -0.221724  0.342790 -0.221724 ) 
 (  0.408248  0.000000  0.408248  0.000000  0.408248  0.000000 ) 
     omega( 4) =      15.015217 [THz] =     500.857046 [cm-1]
 (  0.342790 -0.221724  0.342790 -0.221724  0.342790 -0.221724 ) 
 ( -0.408248  0.000000 -0.408248  0.000000 -0.408248  0.000000 ) 
     omega( 5) =      15.149081 [THz] =     505.322304 [cm-1]
 (  0.379203 -0.034362 -0.217823 -0.357615 -0.161380  0.391977 ) 
 ( -0.176138 -0.337566 -0.247759  0.337566  0.423898  0.000000 ) 
     omega( 6) =      15.149081 [THz] =     505.322304 [cm-1]
 (  0.248211  0.356019 -0.397437  0.006439  0.149227 -0.362458 ) 
 (  0.234714 -0.365058  0.157261  0.365058 -0.391975  0.000000 ) 
 **************************************************************************
