Dynamical matrix file
                                                                           
  1    2  2 10.1870000  0.0000000  0.0000000  0.0000000  0.0000000  0.0000000
           1  'Si  '    25598.3672624059     
    1    1      0.0000000      0.0000000      0.0000000
    2    1      0.2500000      0.2500000      0.2500000

     Dynamical  Matrix in cartesian axes

     q = (    0.600000000   0.000000000   0.000000000 ) 

  1  1
  0.34022164  0.00000000    0.00000000  0.00000000    0.00000000  0.00000000
  0.00000000  0.00000000    0.26028055  0.00000000    0.00000000  0.00000000
  0.00000000  0.00000000    0.00000000  0.00000000    0.26028055  0.00000000
  1  2
 -0.09742549  0.13409468    0.00000000  0.00000000    0.00000000  0.00000000
  0.00000000  0.00000000   -0.08835241  0.12160666   -0.12970934 -0.09423935
  0.00000000  0.00000000   -0.12970934 -0.09423935   -0.08835241  0.12160666
  2  1
 -0.09742549 -0.13409468    0.00000000  0.00000000    0.00000000  0.00000000
  0.00000000  0.00000000   -0.08835241 -0.12160666   -0.12970934  0.09423935
  0.00000000  0.00000000   -0.12970934  0.09423935   -0.08835241 -0.12160666
  2  2
  0.34022164  0.00000000    0.00000000  0.00000000    0.00000000  0.00000000
  0.00000000  0.00000000    0.26028055  0.00000000    0.00000000  0.00000000
  0.00000000  0.00000000    0.00000000  0.00000000    0.26028055  0.00000000

     Dynamical  Matrix in cartesian axes

     q = (    0.000000000   0.000000000   0.600000000 ) 

  1  1
  0.26028055  0.00000000    0.00000000  0.00000000    0.00000000  0.00000000
  0.00000000  0.00000000    0.26028055  0.00000000    0.00000000  0.00000000
  0.00000000  0.00000000    0.00000000  0.00000000    0.34022164  0.00000000
  1  2
 -0.08835241  0.12160666   -0.12970934 -0.09423935    0.00000000  0.00000000
 -0.12970934 -0.09423935   -0.08835241  0.12160666    0.00000000  0.00000000
  0.00000000  0.00000000    0.00000000  0.00000000   -0.09742549  0.13409468
  2  1
 -0.08835241 -0.12160666   -0.12970934  0.09423935    0.00000000  0.00000000
 -0.12970934  0.09423935   -0.08835241 -0.12160666    0.00000000  0.00000000
  0.00000000  0.00000000    0.00000000  0.00000000   -0.09742549 -0.13409468
  2  2
  0.26028055  0.00000000    0.00000000  0.00000000    0.00000000  0.00000000
  0.00000000  0.00000000    0.26028055  0.00000000    0.00000000  0.00000000
  0.00000000  0.00000000    0.00000000  0.00000000    0.34022164  0.00000000

     Dynamical  Matrix in cartesian axes

     q = (    0.000000000   0.000000000  -0.600000000 ) 

  1  1
  0.26028055  0.00000000    0.00000000  0.00000000    0.00000000  0.00000000
  0.00000000  0.00000000    0.26028055  0.00000000    0.00000000  0.00000000
  0.00000000  0.00000000    0.00000000  0.00000000    0.34022164  0.00000000
  1  2
 -0.08835241 -0.12160666   -0.12970934  0.09423935    0.00000000  0.00000000
 -0.12970934  0.09423935   -0.08835241 -0.12160666    0.00000000  0.00000000
  0.00000000  0.00000000    0.00000000  0.00000000   -0.09742549 -0.13409468
  2  1
 -0.08835241  0.12160666   -0.12970934 -0.09423935    0.00000000  0.00000000
 -0.12970934 -0.09423935   -0.08835241  0.12160666    0.00000000  0.00000000
  0.00000000  0.00000000    0.00000000  0.00000000   -0.09742549  0.13409468
  2  2
  0.26028055  0.00000000    0.00000000  0.00000000    0.00000000  0.00000000
  0.00000000  0.00000000    0.26028055  0.00000000    0.00000000  0.00000000
  0.00000000  0.00000000    0.00000000  0.00000000    0.34022164  0.00000000

     Dynamical  Matrix in cartesian axes

     q = (   -0.600000000   0.000000000   0.000000000 ) 

  1  1
  0.34022164  0.00000000    0.00000000  0.00000000    0.00000000  0.00000000
  0.00000000  0.00000000    0.26028055  0.00000000    0.00000000  0.00000000
  0.00000000  0.00000000    0.00000000  0.00000000    0.26028055  0.00000000
  1  2
 -0.09742549 -0.13409468    0.00000000  0.00000000    0.00000000  0.00000000
  0.00000000  0.00000000   -0.08835241 -0.12160666   -0.12970934  0.09423935
  0.00000000  0.00000000   -0.12970934  0.09423935   -0.08835241 -0.12160666
  2  1
 -0.09742549  0.13409468    0.00000000  0.00000000    0.00000000  0.00000000
  0.00000000  0.00000000   -0.08835241  0.12160666   -0.12970934 -0.09423935
  0.00000000  0.00000000   -0.12970934 -0.09423935   -0.08835241  0.12160666
  2  2
  0.34022164  0.00000000    0.00000000  0.00000000    0.00000000  0.00000000
  0.00000000  0.00000000    0.26028055  0.00000000    0.00000000  0.00000000
  0.00000000  0.00000000    0.00000000  0.00000000    0.26028055  0.00000000

     Dynamical  Matrix in cartesian axes

     q = (    0.000000000   0.600000000   0.000000000 ) 

  1  1
  0.26028055  0.00000000    0.00000000  0.00000000    0.00000000  0.00000000
  0.00000000  0.00000000    0.34022164  0.00000000    0.00000000  0.00000000
  0.00000000  0.00000000    0.00000000  0.00000000    0.26028055  0.00000000
  1  2
 -0.08835241  0.12160666    0.00000000  0.00000000   -0.12970934 -0.09423935
  0.00000000  0.00000000   -0.09742549  0.13409468    0.00000000  0.00000000
 -0.12970934 -0.09423935    0.00000000  0.00000000   -0.08835241  0.12160666
  2  1
 -0.08835241 -0.12160666    0.00000000  0.00000000   -0.12970934  0.09423935
  0.00000000  0.00000000   -0.09742549 -0.13409468    0.00000000  0.00000000
 -0.12970934  0.09423935    0.00000000  0.00000000   -0.08835241 -0.12160666
  2  2
  0.26028055  0.00000000    0.00000000  0.00000000    0.00000000  0.00000000
  0.00000000  0.00000000    0.34022164  0.00000000    0.00000000  0.00000000
  0.00000000  0.00000000    0.00000000  0.00000000    0.26028055  0.00000000

     Dynamical  Matrix in cartesian axes

     q = (    0.000000000  -0.600000000   0.000000000 ) 

  1  1
  0.26028055  0.00000000    0.00000000  0.00000000    0.00000000  0.00000000
  0.00000000  0.00000000    0.34022164  0.00000000    0.00000000  0.00000000
  0.00000000  0.00000000    0.00000000  0.00000000    0.26028055  0.00000000
  1  2
 -0.08835241 -0.12160666    0.00000000  0.00000000   -0.12970934  0.09423935
  0.00000000  0.00000000   -0.09742549 -0.13409468    0.00000000  0.00000000
 -0.12970934  0.09423935    0.00000000  0.00000000   -0.08835241 -0.12160666
  2  1
 -0.08835241  0.12160666    0.00000000  0.00000000   -0.12970934 -0.09423935
  0.00000000  0.00000000   -0.09742549  0.13409468    0.00000000  0.00000000
 -0.12970934 -0.09423935    0.00000000  0.00000000   -0.08835241  0.12160666
  2  2
  0.26028055  0.00000000    0.00000000  0.00000000    0.00000000  0.00000000
  0.00000000  0.00000000    0.34022164  0.00000000    0.00000000  0.00000000
  0.00000000  0.00000000    0.00000000  0.00000000    0.26028055  0.00000000

     Diagonalizing the dynamical matrix

     q = (    0.600000000   0.000000000   0.000000000 ) 

 **************************************************************************
     omega( 1) =       4.138456 [THz] =     138.044963 [cm-1]
 (  0.000000  0.000000  0.031190 -0.374558 -0.011394  0.598835 ) 
 (  0.000000  0.000000  0.469851  0.224997 -0.478138  0.000000 ) 
     omega( 2) =       4.138456 [THz] =     138.044963 [cm-1]
 (  0.000000  0.000000  0.595096  0.067784  0.375396  0.018545 ) 
 (  0.000000  0.000000  0.431242  0.206509  0.520945  0.000000 ) 
     omega( 3) =       8.588737 [THz] =     286.491329 [cm-1]
 (  0.077522  0.702844  0.000000  0.000000  0.000000  0.000000 ) 
 ( -0.523047  0.475838  0.000000  0.000000  0.000000  0.000000 ) 
     omega( 4) =      14.246613 [THz] =     475.219013 [cm-1]
 (  0.000000  0.000000 -0.256307 -0.411669  0.437431 -0.271089 ) 
 (  0.000000  0.000000 -0.266676  0.654889  0.001941  0.000000 ) 
     omega( 5) =      14.246613 [THz] =     475.219013 [cm-1]
 (  0.000000  0.000000 -0.416632 -0.302082 -0.285471  0.392009 ) 
 (  0.000000  0.000000  0.000732 -0.001797  0.707104  0.000000 ) 
     omega( 6) =      14.626156 [THz] =     487.879301 [cm-1]
 ( -0.524774  0.473933  0.000000  0.000000  0.000000  0.000000 ) 
 (  0.691874  0.145980  0.000000  0.000000  0.000000  0.000000 ) 
 **************************************************************************
