Dynamical matrix file
                                                                           
  1    2  2 10.1870000  0.0000000  0.0000000  0.0000000  0.0000000  0.0000000
           1  'Si  '    25598.3672624059     
    1    1      0.0000000      0.0000000      0.0000000
    2    1      0.2500000      0.2500000      0.2500000

     Dynamical  Matrix in cartesian axes

     q = (    0.400000000   0.400000000   0.400000000 ) 

  1  1
  0.29499639  0.00000000    0.01977077  0.00000000    0.01977077  0.00000000
  0.01977077  0.00000000    0.29499639  0.00000000    0.01977077  0.00000000
  0.01977077  0.00000000    0.01977077  0.00000000    0.29499639  0.00000000
  1  2
  0.11299981  0.12526167   -0.08446376 -0.02727434   -0.08446376 -0.02727434
 -0.08446376 -0.02727434    0.11299981  0.12526167   -0.08446376 -0.02727434
 -0.08446376 -0.02727434   -0.08446376 -0.02727434    0.11299981  0.12526167
  2  1
  0.11299981 -0.12526167   -0.08446376  0.02727434   -0.08446376  0.02727434
 -0.08446376  0.02727434    0.11299981 -0.12526167   -0.08446376  0.02727434
 -0.08446376  0.02727434   -0.08446376  0.02727434    0.11299981 -0.12526167
  2  2
  0.29499639  0.00000000    0.01977077  0.00000000    0.01977077  0.00000000
  0.01977077  0.00000000    0.29499639  0.00000000    0.01977077  0.00000000
  0.01977077  0.00000000    0.01977077  0.00000000    0.29499639  0.00000000

     Dynamical  Matrix in cartesian axes

     q = (    0.400000000  -0.400000000   0.400000000 ) 

  1  1
  0.29499639  0.00000000   -0.01977077  0.00000000    0.01977077  0.00000000
 -0.01977077  0.00000000    0.29499639  0.00000000   -0.01977077  0.00000000
  0.01977077  0.00000000   -0.01977077  0.00000000    0.29499639  0.00000000
  1  2
 -0.16504573  0.03491920   -0.08436407 -0.02758115    0.08436407  0.02758115
 -0.08436407 -0.02758115   -0.16504573  0.03491920   -0.08436407 -0.02758115
  0.08436407  0.02758115   -0.08436407 -0.02758115   -0.16504573  0.03491920
  2  1
 -0.16504573 -0.03491920   -0.08436407  0.02758115    0.08436407 -0.02758115
 -0.08436407  0.02758115   -0.16504573 -0.03491920   -0.08436407  0.02758115
  0.08436407 -0.02758115   -0.08436407  0.02758115   -0.16504573 -0.03491920
  2  2
  0.29499639  0.00000000   -0.01977077  0.00000000    0.01977077  0.00000000
 -0.01977077  0.00000000    0.29499639  0.00000000   -0.01977077  0.00000000
  0.01977077  0.00000000   -0.01977077  0.00000000    0.29499639  0.00000000

     Dynamical  Matrix in cartesian axes

     q = (   -0.400000000   0.400000000   0.400000000 ) 

  1  1
  0.29499639  0.00000000   -0.01977077  0.00000000   -0.01977077  0.00000000
 -0.01977077  0.00000000    0.29499639  0.00000000    0.01977077  0.00000000
 -0.01977077  0.00000000    0.01977077  0.00000000    0.29499639  0.00000000
  1  2
 -0.16504573  0.03491920   -0.08436407 -0.02758115   -0.08436407 -0.02758115
 -0.08436407 -0.02758115   -0.16504573  0.03491920    0.08436407  0.02758115
 -0.08436407 -0.02758115    0.08436407  0.02758115   -0.16504573  0.03491920
  2  1
 -0.16504573 -0.03491920   -0.08436407  0.02758115   -0.08436407  0.02758115
 -0.08436407  0.02758115   -0.16504573 -0.03491920    0.08436407 -0.02758115
 -0.08436407  0.02758115    0.08436407 -0.02758115   -0.16504573 -0.03491920
  2  2
  0.29499639  0.00000000   -0.01977077  0.00000000   -0.01977077  0.00000000
 -0.01977077  0.00000000    0.29499639  0.00000000    0.01977077  0.00000000
 -0.01977077  0.00000000    0.01977077  0.00000000    0.29499639  0.00000000

     Dynamical  Matrix in cartesian axes

     q = (   -0.400000000  -0.400000000  -0.400000000 ) 

  1  1
  0.29499639  0.00000000    0.01977077  0.00000000    0.01977077  0.00000000
  0.01977077  0.00000000    0.29499639  0.00000000    0.01977077  0.00000000
  0.01977077  0.00000000    0.01977077  0.00000000    0.29499639  0.00000000
  1  2
  0.11299981 -0.12526167   -0.08446376  0.02727434   -0.08446376  0.02727434
 -0.08446376  0.02727434    0.11299981 -0.12526167   -0.08446376  0.02727434
 -0.08446376  0.02727434   -0.08446376  0.02727434    0.11299981 -0.12526167
  2  1
  0.11299981  0.12526167   -0.08446376 -0.02727434   -0.08446376 -0.02727434
 -0.08446376 -0.02727434    0.11299981  0.12526167   -0.08446376 -0.02727434
 -0.08446376 -0.02727434   -0.08446376 -0.02727434    0.11299981  0.12526167
  2  2
  0.29499639  0.00000000    0.01977077  0.00000000    0.01977077  0.00000000
  0.01977077  0.00000000    0.29499639  0.00000000    0.01977077  0.00000000
  0.01977077  0.00000000    0.01977077  0.00000000    0.29499639  0.00000000

     Dynamical  Matrix in cartesian axes

     q = (    0.400000000   0.400000000  -0.400000000 ) 

  1  1
  0.29499639  0.00000000    0.01977077  0.00000000   -0.01977077  0.00000000
  0.01977077  0.00000000    0.29499639  0.00000000   -0.01977077  0.00000000
 -0.01977077  0.00000000   -0.01977077  0.00000000    0.29499639  0.00000000
  1  2
 -0.16504573  0.03491920    0.08436407  0.02758115   -0.08436407 -0.02758115
  0.08436407  0.02758115   -0.16504573  0.03491920   -0.08436407 -0.02758115
 -0.08436407 -0.02758115   -0.08436407 -0.02758115   -0.16504573  0.03491920
  2  1
 -0.16504573 -0.03491920    0.08436407 -0.02758115   -0.08436407  0.02758115
  0.08436407 -0.02758115   -0.16504573 -0.03491920   -0.08436407  0.02758115
 -0.08436407  0.02758115   -0.08436407  0.02758115   -0.16504573 -0.03491920
  2  2
  0.29499639  0.00000000    0.01977077  0.00000000   -0.01977077  0.00000000
  0.01977077  0.00000000    0.29499639  0.00000000   -0.01977077  0.00000000
 -0.01977077  0.00000000   -0.01977077  0.00000000    0.29499639  0.00000000

     Dynamical  Matrix in cartesian axes

     q = (   -0.400000000  -0.400000000   0.400000000 ) 

  1  1
  0.29499639  0.00000000    0.01977077  0.00000000   -0.01977077  0.00000000
  0.01977077  0.00000000    0.29499639  0.00000000   -0.01977077  0.00000000
 -0.01977077  0.00000000   -0.01977077  0.00000000    0.29499639  0.00000000
  1  2
 -0.16504573 -0.03491920    0.08436407 -0.02758115   -0.08436407  0.02758115
  0.08436407 -0.02758115   -0.16504573 -0.03491920   -0.08436407  0.02758115
 -0.08436407  0.02758115   -0.08436407  0.02758115   -0.16504573 -0.03491920
  2  1
 -0.16504573  0.03491920    0.08436407  0.02758115   -0.08436407 -0.02758115
  0.08436407  0.02758115   -0.16504573  0.03491920   -0.08436407 -0.02758115
 -0.08436407 -0.02758115   -0.08436407 -0.02758115   -0.16504573  0.03491920
  2  2
  0.29499639  0.00000000    0.01977077  0.00000000   -0.01977077  0.00000000
  0.01977077  0.00000000    0.29499639  0.00000000   -0.01977077  0.00000000
 -0.01977077  0.00000000   -0.01977077  0.00000000    0.29499639  0.00000000

     Dynamical  Matrix in cartesian axes

     q = (   -0.400000000   0.400000000  -0.400000000 ) 

  1  1
  0.29499639  0.00000000   -0.01977077  0.00000000    0.01977077  0.00000000
 -0.01977077  0.00000000    0.29499639  0.00000000   -0.01977077  0.00000000
  0.01977077  0.00000000   -0.01977077  0.00000000    0.29499639  0.00000000
  1  2
 -0.16504573 -0.03491920   -0.08436407  0.02758115    0.08436407 -0.02758115
 -0.08436407  0.02758115   -0.16504573 -0.03491920   -0.08436407  0.02758115
  0.08436407 -0.02758115   -0.08436407  0.02758115   -0.16504573 -0.03491920
  2  1
 -0.16504573  0.03491920   -0.08436407 -0.02758115    0.08436407  0.02758115
 -0.08436407 -0.02758115   -0.16504573  0.03491920   -0.08436407 -0.02758115
  0.08436407  0.02758115   -0.08436407 -0.02758115   -0.16504573  0.03491920
  2  2
  0.29499639  0.00000000   -0.01977077  0.00000000    0.01977077  0.00000000
 -0.01977077  0.00000000    0.29499639  0.00000000   -0.01977077  0.00000000
  0.01977077  0.00000000   -0.01977077  0.00000000    0.29499639  0.00000000

     Dynamical  Matrix in cartesian axes

     q = (    0.400000000  -0.400000000  -0.400000000 ) 

  1  1
  0.29499639  0.00000000   -0.01977077  0.00000000   -0.01977077  0.00000000
 -0.01977077  0.00000000    0.29499639  0.00000000    0.01977077  0.00000000
 -0.01977077  0.00000000    0.01977077  0.00000000    0.29499639  0.00000000
  1  2
 -0.16504573 -0.03491920   -0.08436407  0.02758115   -0.08436407  0.02758115
 -0.08436407  0.02758115   -0.16504573 -0.03491920    0.08436407 -0.02758115
 -0.08436407  0.02758115    0.08436407 -0.02758115   -0.16504573 -0.03491920
  2  1
 -0.16504573  0.03491920   -0.08436407 -0.02758115   -0.08436407 -0.02758115
 -0.08436407 -0.02758115   -0.16504573  0.03491920    0.08436407  0.02758115
 -0.08436407 -0.02758115    0.08436407  0.02758115   -0.16504573  0.03491920
  2  2
  0.29499639  0.00000000   -0.01977077  0.00000000   -0.01977077  0.00000000
 -0.01977077  0.00000000    0.29499639  0.00000000    0.01977077  0.00000000
 -0.01977077  0.00000000    0.01977077  0.00000000    0.29499639  0.00000000

     Diagonalizing the dynamical matrix

     q = (    0.400000000   0.400000000   0.400000000 ) 

 **************************************************************************
     omega( 1) =       3.296858 [THz] =     109.972077 [cm-1]
 ( -0.479554 -0.295597  0.341299  0.188799  0.138255  0.106799 ) 
 (  0.560215 -0.059232 -0.385515  0.059232 -0.174701  0.000000 ) 
     omega( 2) =       3.296858 [THz] =     109.972077 [cm-1]
 ( -0.087443 -0.091309 -0.348042 -0.245092  0.435485  0.336402 ) 
 (  0.125020  0.018805  0.425264 -0.018805 -0.550284  0.000000 ) 
     omega( 3) =      10.164850 [THz] =     339.065140 [cm-1]
 (  0.253252 -0.320203  0.253252 -0.320203  0.253252 -0.320203 ) 
 (  0.408248  0.000000  0.408248  0.000000  0.408248  0.000000 ) 
     omega( 4) =      13.400021 [THz] =     446.979548 [cm-1]
 (  0.253252 -0.320203  0.253252 -0.320203  0.253252 -0.320203 ) 
 ( -0.408248  0.000000 -0.408248  0.000000 -0.408248  0.000000 ) 
     omega( 5) =      14.895001 [THz] =     496.847050 [cm-1]
 ( -0.229455 -0.444280  0.229395  0.444234  0.000060  0.000046 ) 
 ( -0.453185 -0.211324  0.453109  0.211324  0.000076  0.000000 ) 
     omega( 6) =      14.895001 [THz] =     496.847050 [cm-1]
 (  0.228422  0.176416  0.228482  0.176532 -0.456904 -0.352948 ) 
 (  0.288616 -0.000028  0.288735  0.000028 -0.577350  0.000000 ) 
 **************************************************************************
