Dynamical matrix file
                                                                           
  1    2  2 10.1870000  0.0000000  0.0000000  0.0000000  0.0000000  0.0000000
           1  'Si  '    25598.3672624059     
    1    1      0.0000000      0.0000000      0.0000000
    2    1      0.2500000      0.2500000      0.2500000

     Dynamical  Matrix in cartesian axes

     q = (    0.800000000   0.000000000   0.000000000 ) 

  1  1
  0.35885453  0.00000000    0.00000000  0.00000000    0.00000000  0.00000000
  0.00000000  0.00000000    0.25595944  0.00000000    0.00000000  0.00000000
  0.00000000  0.00000000    0.00000000  0.00000000    0.25595944  0.00000000
  1  2
 -0.02693719  0.08290416    0.00000000  0.00000000    0.00000000  0.00000000
  0.00000000  0.00000000   -0.02417266  0.07439581   -0.18728380 -0.06085219
  0.00000000  0.00000000   -0.18728380 -0.06085219   -0.02417266  0.07439581
  2  1
 -0.02693719 -0.08290416    0.00000000  0.00000000    0.00000000  0.00000000
  0.00000000  0.00000000   -0.02417266 -0.07439581   -0.18728380  0.06085219
  0.00000000  0.00000000   -0.18728380  0.06085219   -0.02417266 -0.07439581
  2  2
  0.35885453  0.00000000    0.00000000  0.00000000    0.00000000  0.00000000
  0.00000000  0.00000000    0.25595944  0.00000000    0.00000000  0.00000000
  0.00000000  0.00000000    0.00000000  0.00000000    0.25595944  0.00000000

     Dynamical  Matrix in cartesian axes

     q = (    0.000000000   0.000000000   0.800000000 ) 

  1  1
  0.25595944  0.00000000    0.00000000  0.00000000    0.00000000  0.00000000
  0.00000000  0.00000000    0.25595944  0.00000000    0.00000000  0.00000000
  0.00000000  0.00000000    0.00000000  0.00000000    0.35885453  0.00000000
  1  2
 -0.02417266  0.07439581   -0.18728380 -0.06085219    0.00000000  0.00000000
 -0.18728380 -0.06085219   -0.02417266  0.07439581    0.00000000  0.00000000
  0.00000000  0.00000000    0.00000000  0.00000000   -0.02693719  0.08290416
  2  1
 -0.02417266 -0.07439581   -0.18728380  0.06085219    0.00000000  0.00000000
 -0.18728380  0.06085219   -0.02417266 -0.07439581    0.00000000  0.00000000
  0.00000000  0.00000000    0.00000000  0.00000000   -0.02693719 -0.08290416
  2  2
  0.25595944  0.00000000    0.00000000  0.00000000    0.00000000  0.00000000
  0.00000000  0.00000000    0.25595944  0.00000000    0.00000000  0.00000000
  0.00000000  0.00000000    0.00000000  0.00000000    0.35885453  0.00000000

     Dynamical  Matrix in cartesian axes

     q = (    0.000000000   0.000000000  -0.800000000 ) 

  1  1
  0.25595944  0.00000000    0.00000000  0.00000000    0.00000000  0.00000000
  0.00000000  0.00000000    0.25595944  0.00000000    0.00000000  0.00000000
  0.00000000  0.00000000    0.00000000  0.00000000    0.35885453  0.00000000
  1  2
 -0.02417266 -0.07439581   -0.18728380  0.06085219    0.00000000  0.00000000
 -0.18728380  0.06085219   -0.02417266 -0.07439581    0.00000000  0.00000000
  0.00000000  0.00000000    0.00000000  0.00000000   -0.02693719 -0.08290416
  2  1
 -0.02417266  0.07439581   -0.18728380 -0.06085219    0.00000000  0.00000000
 -0.18728380 -0.06085219   -0.02417266  0.07439581    0.00000000  0.00000000
  0.00000000  0.00000000    0.00000000  0.00000000   -0.02693719  0.08290416
  2  2
  0.25595944  0.00000000    0.00000000  0.00000000    0.00000000  0.00000000
  0.00000000  0.00000000    0.25595944  0.00000000    0.00000000  0.00000000
  0.00000000  0.00000000    0.00000000  0.00000000    0.35885453  0.00000000

     Dynamical  Matrix in cartesian axes

     q = (   -0.800000000   0.000000000   0.000000000 ) 

  1  1
  0.35885453  0.00000000    0.00000000  0.00000000    0.00000000  0.00000000
  0.00000000  0.00000000    0.25595944  0.00000000    0.00000000  0.00000000
  0.00000000  0.00000000    0.00000000  0.00000000    0.25595944  0.00000000
  1  2
 -0.02693719 -0.08290416    0.00000000  0.00000000    0.00000000  0.00000000
  0.00000000  0.00000000   -0.02417266 -0.07439581   -0.18728380  0.06085219
  0.00000000  0.00000000   -0.18728380  0.06085219   -0.02417266 -0.07439581
  2  1
 -0.02693719  0.08290416    0.00000000  0.00000000    0.00000000  0.00000000
  0.00000000  0.00000000   -0.02417266  0.07439581   -0.18728380 -0.06085219
  0.00000000  0.00000000   -0.18728380 -0.06085219   -0.02417266  0.07439581
  2  2
  0.35885453  0.00000000    0.00000000  0.00000000    0.00000000  0.00000000
  0.00000000  0.00000000    0.25595944  0.00000000    0.00000000  0.00000000
  0.00000000  0.00000000    0.00000000  0.00000000    0.25595944  0.00000000

     Dynamical  Matrix in cartesian axes

     q = (    0.000000000   0.800000000   0.000000000 ) 

  1  1
  0.25595944  0.00000000    0.00000000  0.00000000    0.00000000  0.00000000
  0.00000000  0.00000000    0.35885453  0.00000000    0.00000000  0.00000000
  0.00000000  0.00000000    0.00000000  0.00000000    0.25595944  0.00000000
  1  2
 -0.02417266  0.07439581    0.00000000  0.00000000   -0.18728380 -0.06085219
  0.00000000  0.00000000   -0.02693719  0.08290416    0.00000000  0.00000000
 -0.18728380 -0.06085219    0.00000000  0.00000000   -0.02417266  0.07439581
  2  1
 -0.02417266 -0.07439581    0.00000000  0.00000000   -0.18728380  0.06085219
  0.00000000  0.00000000   -0.02693719 -0.08290416    0.00000000  0.00000000
 -0.18728380  0.06085219    0.00000000  0.00000000   -0.02417266 -0.07439581
  2  2
  0.25595944  0.00000000    0.00000000  0.00000000    0.00000000  0.00000000
  0.00000000  0.00000000    0.35885453  0.00000000    0.00000000  0.00000000
  0.00000000  0.00000000    0.00000000  0.00000000    0.25595944  0.00000000

     Dynamical  Matrix in cartesian axes

     q = (    0.000000000  -0.800000000   0.000000000 ) 

  1  1
  0.25595944  0.00000000    0.00000000  0.00000000    0.00000000  0.00000000
  0.00000000  0.00000000    0.35885453  0.00000000    0.00000000  0.00000000
  0.00000000  0.00000000    0.00000000  0.00000000    0.25595944  0.00000000
  1  2
 -0.02417266 -0.07439581    0.00000000  0.00000000   -0.18728380  0.06085219
  0.00000000  0.00000000   -0.02693719 -0.08290416    0.00000000  0.00000000
 -0.18728380  0.06085219    0.00000000  0.00000000   -0.02417266 -0.07439581
  2  1
 -0.02417266  0.07439581    0.00000000  0.00000000   -0.18728380 -0.06085219
  0.00000000  0.00000000   -0.02693719  0.08290416    0.00000000  0.00000000
 -0.18728380 -0.06085219    0.00000000  0.00000000   -0.02417266  0.07439581
  2  2
  0.25595944  0.00000000    0.00000000  0.00000000    0.00000000  0.00000000
  0.00000000  0.00000000    0.35885453  0.00000000    0.00000000  0.00000000
  0.00000000  0.00000000    0.00000000  0.00000000    0.25595944  0.00000000

     Diagonalizing the dynamical matrix

     q = (    0.800000000   0.000000000   0.000000000 ) 

 **************************************************************************
     omega( 1) =       4.316553 [THz] =     143.985670 [cm-1]
 (  0.000000  0.000000  0.483641 -0.049198  0.513120  0.019473 ) 
 (  0.000000  0.000000  0.531574  0.034047  0.465049  0.000000 ) 
     omega( 2) =       4.316553 [THz] =     143.985670 [cm-1]
 (  0.000000  0.000000  0.407425  0.312531 -0.340900 -0.346578 ) 
 (  0.000000  0.000000 -0.464098 -0.029725  0.532663  0.000000 ) 
     omega( 3) =      10.717637 [THz] =     357.504263 [cm-1]
 ( -0.704010 -0.066104  0.000000  0.000000  0.000000  0.000000 ) 
 ( -0.154682 -0.689981  0.000000  0.000000  0.000000  0.000000 ) 
     omega( 4) =      13.732409 [THz] =     458.066891 [cm-1]
 ( -0.286767 -0.646347  0.000000  0.000000  0.000000  0.000000 ) 
 ( -0.526097  0.472464  0.000000  0.000000  0.000000  0.000000 ) 
     omega( 5) =      14.064361 [THz] =     469.139698 [cm-1]
 (  0.000000  0.000000  0.438620  0.313590 -0.326573 -0.320350 ) 
 (  0.000000  0.000000  0.440715 -0.000416 -0.552965  0.000000 ) 
     omega( 6) =      14.064361 [THz] =     469.139698 [cm-1]
 (  0.000000  0.000000  0.452437 -0.067641  0.539178  0.003606 ) 
 (  0.000000  0.000000 -0.552964  0.000522 -0.440716  0.000000 ) 
 **************************************************************************
