Dynamical matrix file
phonons at Gamma                                                           
  1    2   2  10.1870000   0.0000000   0.0000000   0.0000000   0.0000000   0.0000000
           1  'Si     '    25598.367289828169     
    1    1      0.0000000000      0.0000000000      0.0000000000
    2    1      0.2500000000      0.2500000000      0.2500000000

     Dynamical  Matrix in cartesian axes

     q = (    0.750000000  -0.250000000   0.750000000 ) 

    1    1
  0.26531804   0.00000000    -0.00689945   0.00826406     0.00672714   0.00000000
 -0.00689945  -0.00826406     0.31783604   0.00000000    -0.00689945  -0.00826406
  0.00672714   0.00000000    -0.00689945   0.00826406     0.26531804   0.00000000
    1    2
 -0.06457468   0.06583819    -0.04550738   0.04817531    -0.04602335  -0.15042718
 -0.04550738   0.04817531    -0.06267430   0.08463139    -0.04550738   0.04817531
 -0.04602335  -0.15042718    -0.04550738   0.04817531    -0.06457468   0.06583819
    2    1
 -0.06457468  -0.06583819    -0.04550738  -0.04817531    -0.04602335   0.15042718
 -0.04550738  -0.04817531    -0.06267430  -0.08463139    -0.04550738  -0.04817531
 -0.04602335   0.15042718    -0.04550738  -0.04817531    -0.06457468  -0.06583819
    2    2
  0.26531804   0.00000000    -0.00689945  -0.00826406     0.00672714   0.00000000
 -0.00689945   0.00826406     0.31783604   0.00000000    -0.00689945   0.00826406
  0.00672714   0.00000000    -0.00689945  -0.00826406     0.26531804   0.00000000

     Dynamical  Matrix in cartesian axes

     q = (    0.750000000  -0.250000000  -0.750000000 ) 

    1    1
  0.26531804   0.00000000    -0.00689945  -0.00826406    -0.00672714   0.00000000
 -0.00689945   0.00826406     0.31783604   0.00000000     0.00689945  -0.00826406
 -0.00672714   0.00000000     0.00689945   0.00826406     0.26531804   0.00000000
    1    2
 -0.06583819   0.06457468    -0.04817531   0.04550738    -0.15042718  -0.04602335
 -0.04817531   0.04550738    -0.08463139   0.06267430     0.04817531  -0.04550738
 -0.15042718  -0.04602335     0.04817531  -0.04550738    -0.06583819   0.06457468
    2    1
 -0.06583819  -0.06457468    -0.04817531  -0.04550738    -0.15042718   0.04602335
 -0.04817531  -0.04550738    -0.08463139  -0.06267430     0.04817531   0.04550738
 -0.15042718   0.04602335     0.04817531   0.04550738    -0.06583819  -0.06457468
    2    2
  0.26531804   0.00000000    -0.00689945   0.00826406    -0.00672714   0.00000000
 -0.00689945  -0.00826406     0.31783604   0.00000000     0.00689945   0.00826406
 -0.00672714   0.00000000     0.00689945  -0.00826406     0.26531804   0.00000000

     Dynamical  Matrix in cartesian axes

     q = (   -0.750000000  -0.250000000  -0.750000000 ) 

    1    1
  0.26531804   0.00000000     0.00689945  -0.00826406     0.00672714   0.00000000
  0.00689945   0.00826406     0.31783604   0.00000000     0.00689945   0.00826406
  0.00672714   0.00000000     0.00689945  -0.00826406     0.26531804   0.00000000
    1    2
  0.06583819   0.06457468    -0.04817531  -0.04550738    -0.15042718   0.04602335
 -0.04817531  -0.04550738     0.08463139   0.06267430    -0.04817531  -0.04550738
 -0.15042718   0.04602335    -0.04817531  -0.04550738     0.06583819   0.06457468
    2    1
  0.06583819  -0.06457468    -0.04817531   0.04550738    -0.15042718  -0.04602335
 -0.04817531   0.04550738     0.08463139  -0.06267430    -0.04817531   0.04550738
 -0.15042718  -0.04602335    -0.04817531   0.04550738     0.06583819  -0.06457468
    2    2
  0.26531804   0.00000000     0.00689945   0.00826406     0.00672714   0.00000000
  0.00689945  -0.00826406     0.31783604   0.00000000     0.00689945  -0.00826406
  0.00672714   0.00000000     0.00689945   0.00826406     0.26531804   0.00000000

     Dynamical  Matrix in cartesian axes

     q = (   -0.750000000  -0.250000000   0.750000000 ) 

    1    1
  0.26531804   0.00000000     0.00689945   0.00826406    -0.00672714   0.00000000
  0.00689945  -0.00826406     0.31783604   0.00000000    -0.00689945   0.00826406
 -0.00672714   0.00000000    -0.00689945  -0.00826406     0.26531804   0.00000000
    1    2
 -0.06583819   0.06457468     0.04817531  -0.04550738    -0.15042718  -0.04602335
  0.04817531  -0.04550738    -0.08463139   0.06267430    -0.04817531   0.04550738
 -0.15042718  -0.04602335    -0.04817531   0.04550738    -0.06583819   0.06457468
    2    1
 -0.06583819  -0.06457468     0.04817531   0.04550738    -0.15042718   0.04602335
  0.04817531   0.04550738    -0.08463139  -0.06267430    -0.04817531  -0.04550738
 -0.15042718   0.04602335    -0.04817531  -0.04550738    -0.06583819  -0.06457468
    2    2
  0.26531804   0.00000000     0.00689945  -0.00826406    -0.00672714   0.00000000
  0.00689945   0.00826406     0.31783604   0.00000000    -0.00689945  -0.00826406
 -0.00672714   0.00000000    -0.00689945   0.00826406     0.26531804   0.00000000

     Dynamical  Matrix in cartesian axes

     q = (   -0.750000000   0.250000000  -0.750000000 ) 

    1    1
  0.26531804   0.00000000    -0.00689945  -0.00826406     0.00672714   0.00000000
 -0.00689945   0.00826406     0.31783604   0.00000000    -0.00689945   0.00826406
  0.00672714   0.00000000    -0.00689945  -0.00826406     0.26531804   0.00000000
    1    2
 -0.06457468  -0.06583819    -0.04550738  -0.04817531    -0.04602335   0.15042718
 -0.04550738  -0.04817531    -0.06267430  -0.08463139    -0.04550738  -0.04817531
 -0.04602335   0.15042718    -0.04550738  -0.04817531    -0.06457468  -0.06583819
    2    1
 -0.06457468   0.06583819    -0.04550738   0.04817531    -0.04602335  -0.15042718
 -0.04550738   0.04817531    -0.06267430   0.08463139    -0.04550738   0.04817531
 -0.04602335  -0.15042718    -0.04550738   0.04817531    -0.06457468   0.06583819
    2    2
  0.26531804   0.00000000    -0.00689945   0.00826406     0.00672714   0.00000000
 -0.00689945  -0.00826406     0.31783604   0.00000000    -0.00689945  -0.00826406
  0.00672714   0.00000000    -0.00689945   0.00826406     0.26531804   0.00000000

     Dynamical  Matrix in cartesian axes

     q = (   -0.250000000   0.750000000  -0.750000000 ) 

    1    1
  0.31783604   0.00000000    -0.00689945   0.00826406     0.00689945  -0.00826406
 -0.00689945  -0.00826406     0.26531804   0.00000000    -0.00672714   0.00000000
  0.00689945   0.00826406    -0.00672714   0.00000000     0.26531804   0.00000000
    1    2
 -0.08463139   0.06267430    -0.04817531   0.04550738     0.04817531  -0.04550738
 -0.04817531   0.04550738    -0.06583819   0.06457468    -0.15042718  -0.04602335
  0.04817531  -0.04550738    -0.15042718  -0.04602335    -0.06583819   0.06457468
    2    1
 -0.08463139  -0.06267430    -0.04817531  -0.04550738     0.04817531   0.04550738
 -0.04817531  -0.04550738    -0.06583819  -0.06457468    -0.15042718   0.04602335
  0.04817531   0.04550738    -0.15042718   0.04602335    -0.06583819  -0.06457468
    2    2
  0.31783604   0.00000000    -0.00689945  -0.00826406     0.00689945   0.00826406
 -0.00689945   0.00826406     0.26531804   0.00000000    -0.00672714   0.00000000
  0.00689945  -0.00826406    -0.00672714   0.00000000     0.26531804   0.00000000

     Dynamical  Matrix in cartesian axes

     q = (   -0.750000000   0.750000000  -0.250000000 ) 

    1    1
  0.26531804   0.00000000    -0.00672714   0.00000000     0.00689945   0.00826406
 -0.00672714   0.00000000     0.26531804   0.00000000    -0.00689945  -0.00826406
  0.00689945  -0.00826406    -0.00689945   0.00826406     0.31783604   0.00000000
    1    2
 -0.06583819   0.06457468    -0.15042718  -0.04602335     0.04817531  -0.04550738
 -0.15042718  -0.04602335    -0.06583819   0.06457468    -0.04817531   0.04550738
  0.04817531  -0.04550738    -0.04817531   0.04550738    -0.08463139   0.06267430
    2    1
 -0.06583819  -0.06457468    -0.15042718   0.04602335     0.04817531   0.04550738
 -0.15042718   0.04602335    -0.06583819  -0.06457468    -0.04817531  -0.04550738
  0.04817531   0.04550738    -0.04817531  -0.04550738    -0.08463139  -0.06267430
    2    2
  0.26531804   0.00000000    -0.00672714   0.00000000     0.00689945  -0.00826406
 -0.00672714   0.00000000     0.26531804   0.00000000    -0.00689945   0.00826406
  0.00689945   0.00826406    -0.00689945  -0.00826406     0.31783604   0.00000000

     Dynamical  Matrix in cartesian axes

     q = (    0.750000000   0.250000000   0.750000000 ) 

    1    1
  0.26531804   0.00000000     0.00689945   0.00826406     0.00672714   0.00000000
  0.00689945  -0.00826406     0.31783604   0.00000000     0.00689945  -0.00826406
  0.00672714   0.00000000     0.00689945   0.00826406     0.26531804   0.00000000
    1    2
  0.06583819  -0.06457468    -0.04817531   0.04550738    -0.15042718  -0.04602335
 -0.04817531   0.04550738     0.08463139  -0.06267430    -0.04817531   0.04550738
 -0.15042718  -0.04602335    -0.04817531   0.04550738     0.06583819  -0.06457468
    2    1
  0.06583819   0.06457468    -0.04817531  -0.04550738    -0.15042718   0.04602335
 -0.04817531  -0.04550738     0.08463139   0.06267430    -0.04817531  -0.04550738
 -0.15042718   0.04602335    -0.04817531  -0.04550738     0.06583819   0.06457468
    2    2
  0.26531804   0.00000000     0.00689945  -0.00826406     0.00672714   0.00000000
  0.00689945   0.00826406     0.31783604   0.00000000     0.00689945   0.00826406
  0.00672714   0.00000000     0.00689945  -0.00826406     0.26531804   0.00000000

     Dynamical  Matrix in cartesian axes

     q = (   -0.750000000   0.250000000   0.750000000 ) 

    1    1
  0.26531804   0.00000000    -0.00689945   0.00826406    -0.00672714   0.00000000
 -0.00689945  -0.00826406     0.31783604   0.00000000     0.00689945   0.00826406
 -0.00672714   0.00000000     0.00689945  -0.00826406     0.26531804   0.00000000
    1    2
 -0.06583819  -0.06457468    -0.04817531  -0.04550738    -0.15042718   0.04602335
 -0.04817531  -0.04550738    -0.08463139  -0.06267430     0.04817531   0.04550738
 -0.15042718   0.04602335     0.04817531   0.04550738    -0.06583819  -0.06457468
    2    1
 -0.06583819   0.06457468    -0.04817531   0.04550738    -0.15042718  -0.04602335
 -0.04817531   0.04550738    -0.08463139   0.06267430     0.04817531  -0.04550738
 -0.15042718  -0.04602335     0.04817531  -0.04550738    -0.06583819   0.06457468
    2    2
  0.26531804   0.00000000    -0.00689945  -0.00826406    -0.00672714   0.00000000
 -0.00689945   0.00826406     0.31783604   0.00000000     0.00689945  -0.00826406
 -0.00672714   0.00000000     0.00689945   0.00826406     0.26531804   0.00000000

     Dynamical  Matrix in cartesian axes

     q = (    0.750000000   0.250000000  -0.750000000 ) 

    1    1
  0.26531804   0.00000000     0.00689945  -0.00826406    -0.00672714   0.00000000
  0.00689945   0.00826406     0.31783604   0.00000000    -0.00689945  -0.00826406
 -0.00672714   0.00000000    -0.00689945   0.00826406     0.26531804   0.00000000
    1    2
 -0.06583819  -0.06457468     0.04817531   0.04550738    -0.15042718   0.04602335
  0.04817531   0.04550738    -0.08463139  -0.06267430    -0.04817531  -0.04550738
 -0.15042718   0.04602335    -0.04817531  -0.04550738    -0.06583819  -0.06457468
    2    1
 -0.06583819   0.06457468     0.04817531  -0.04550738    -0.15042718  -0.04602335
  0.04817531  -0.04550738    -0.08463139   0.06267430    -0.04817531   0.04550738
 -0.15042718  -0.04602335    -0.04817531   0.04550738    -0.06583819   0.06457468
    2    2
  0.26531804   0.00000000     0.00689945   0.00826406    -0.00672714   0.00000000
  0.00689945  -0.00826406     0.31783604   0.00000000    -0.00689945   0.00826406
 -0.00672714   0.00000000    -0.00689945  -0.00826406     0.26531804   0.00000000

     Dynamical  Matrix in cartesian axes

     q = (   -0.750000000   0.750000000   0.250000000 ) 

    1    1
  0.26531804   0.00000000    -0.00672714   0.00000000    -0.00689945   0.00826406
 -0.00672714   0.00000000     0.26531804   0.00000000     0.00689945  -0.00826406
 -0.00689945  -0.00826406     0.00689945   0.00826406     0.31783604   0.00000000
    1    2
 -0.06583819  -0.06457468    -0.15042718   0.04602335    -0.04817531  -0.04550738
 -0.15042718   0.04602335    -0.06583819  -0.06457468     0.04817531   0.04550738
 -0.04817531  -0.04550738     0.04817531   0.04550738    -0.08463139  -0.06267430
    2    1
 -0.06583819   0.06457468    -0.15042718  -0.04602335    -0.04817531   0.04550738
 -0.15042718  -0.04602335    -0.06583819   0.06457468     0.04817531  -0.04550738
 -0.04817531   0.04550738     0.04817531  -0.04550738    -0.08463139   0.06267430
    2    2
  0.26531804   0.00000000    -0.00672714   0.00000000    -0.00689945  -0.00826406
 -0.00672714   0.00000000     0.26531804   0.00000000     0.00689945   0.00826406
 -0.00689945   0.00826406     0.00689945  -0.00826406     0.31783604   0.00000000

     Dynamical  Matrix in cartesian axes

     q = (   -0.250000000   0.750000000   0.750000000 ) 

    1    1
  0.31783604   0.00000000    -0.00689945  -0.00826406    -0.00689945  -0.00826406
 -0.00689945   0.00826406     0.26531804   0.00000000     0.00672714   0.00000000
 -0.00689945   0.00826406     0.00672714   0.00000000     0.26531804   0.00000000
    1    2
 -0.06267430   0.08463139    -0.04550738   0.04817531    -0.04550738   0.04817531
 -0.04550738   0.04817531    -0.06457468   0.06583819    -0.04602335  -0.15042718
 -0.04550738   0.04817531    -0.04602335  -0.15042718    -0.06457468   0.06583819
    2    1
 -0.06267430  -0.08463139    -0.04550738  -0.04817531    -0.04550738  -0.04817531
 -0.04550738  -0.04817531    -0.06457468  -0.06583819    -0.04602335   0.15042718
 -0.04550738  -0.04817531    -0.04602335   0.15042718    -0.06457468  -0.06583819
    2    2
  0.31783604   0.00000000    -0.00689945   0.00826406    -0.00689945   0.00826406
 -0.00689945  -0.00826406     0.26531804   0.00000000     0.00672714   0.00000000
 -0.00689945  -0.00826406     0.00672714   0.00000000     0.26531804   0.00000000

     Dynamical  Matrix in cartesian axes

     q = (    0.250000000   0.750000000  -0.750000000 ) 

    1    1
  0.31783604   0.00000000     0.00689945   0.00826406    -0.00689945  -0.00826406
  0.00689945  -0.00826406     0.26531804   0.00000000    -0.00672714   0.00000000
 -0.00689945   0.00826406    -0.00672714   0.00000000     0.26531804   0.00000000
    1    2
 -0.08463139  -0.06267430     0.04817531   0.04550738    -0.04817531  -0.04550738
  0.04817531   0.04550738    -0.06583819  -0.06457468    -0.15042718   0.04602335
 -0.04817531  -0.04550738    -0.15042718   0.04602335    -0.06583819  -0.06457468
    2    1
 -0.08463139   0.06267430     0.04817531  -0.04550738    -0.04817531   0.04550738
  0.04817531  -0.04550738    -0.06583819   0.06457468    -0.15042718  -0.04602335
 -0.04817531   0.04550738    -0.15042718  -0.04602335    -0.06583819   0.06457468
    2    2
  0.31783604   0.00000000     0.00689945  -0.00826406    -0.00689945   0.00826406
  0.00689945   0.00826406     0.26531804   0.00000000    -0.00672714   0.00000000
 -0.00689945  -0.00826406    -0.00672714   0.00000000     0.26531804   0.00000000

     Dynamical  Matrix in cartesian axes

     q = (   -0.250000000  -0.750000000  -0.750000000 ) 

    1    1
  0.31783604   0.00000000     0.00689945   0.00826406     0.00689945   0.00826406
  0.00689945  -0.00826406     0.26531804   0.00000000     0.00672714   0.00000000
  0.00689945  -0.00826406     0.00672714   0.00000000     0.26531804   0.00000000
    1    2
  0.08463139   0.06267430    -0.04817531  -0.04550738    -0.04817531  -0.04550738
 -0.04817531  -0.04550738     0.06583819   0.06457468    -0.15042718   0.04602335
 -0.04817531  -0.04550738    -0.15042718   0.04602335     0.06583819   0.06457468
    2    1
  0.08463139  -0.06267430    -0.04817531   0.04550738    -0.04817531   0.04550738
 -0.04817531   0.04550738     0.06583819  -0.06457468    -0.15042718  -0.04602335
 -0.04817531   0.04550738    -0.15042718  -0.04602335     0.06583819  -0.06457468
    2    2
  0.31783604   0.00000000     0.00689945  -0.00826406     0.00689945  -0.00826406
  0.00689945   0.00826406     0.26531804   0.00000000     0.00672714   0.00000000
  0.00689945   0.00826406     0.00672714   0.00000000     0.26531804   0.00000000

     Dynamical  Matrix in cartesian axes

     q = (    0.750000000   0.750000000  -0.250000000 ) 

    1    1
  0.26531804   0.00000000     0.00672714   0.00000000    -0.00689945   0.00826406
  0.00672714   0.00000000     0.26531804   0.00000000    -0.00689945   0.00826406
 -0.00689945  -0.00826406    -0.00689945  -0.00826406     0.31783604   0.00000000
    1    2
 -0.06457468   0.06583819    -0.04602335  -0.15042718    -0.04550738   0.04817531
 -0.04602335  -0.15042718    -0.06457468   0.06583819    -0.04550738   0.04817531
 -0.04550738   0.04817531    -0.04550738   0.04817531    -0.06267430   0.08463139
    2    1
 -0.06457468  -0.06583819    -0.04602335   0.15042718    -0.04550738  -0.04817531
 -0.04602335   0.15042718    -0.06457468  -0.06583819    -0.04550738  -0.04817531
 -0.04550738  -0.04817531    -0.04550738  -0.04817531    -0.06267430  -0.08463139
    2    2
  0.26531804   0.00000000     0.00672714   0.00000000    -0.00689945  -0.00826406
  0.00672714   0.00000000     0.26531804   0.00000000    -0.00689945  -0.00826406
 -0.00689945   0.00826406    -0.00689945   0.00826406     0.31783604   0.00000000

     Dynamical  Matrix in cartesian axes

     q = (    0.750000000  -0.750000000   0.250000000 ) 

    1    1
  0.26531804   0.00000000    -0.00672714   0.00000000     0.00689945  -0.00826406
 -0.00672714   0.00000000     0.26531804   0.00000000    -0.00689945   0.00826406
  0.00689945   0.00826406    -0.00689945  -0.00826406     0.31783604   0.00000000
    1    2
 -0.06583819  -0.06457468    -0.15042718   0.04602335     0.04817531   0.04550738
 -0.15042718   0.04602335    -0.06583819  -0.06457468    -0.04817531  -0.04550738
  0.04817531   0.04550738    -0.04817531  -0.04550738    -0.08463139  -0.06267430
    2    1
 -0.06583819   0.06457468    -0.15042718  -0.04602335     0.04817531  -0.04550738
 -0.15042718  -0.04602335    -0.06583819   0.06457468    -0.04817531   0.04550738
  0.04817531  -0.04550738    -0.04817531   0.04550738    -0.08463139   0.06267430
    2    2
  0.26531804   0.00000000    -0.00672714   0.00000000     0.00689945   0.00826406
 -0.00672714   0.00000000     0.26531804   0.00000000    -0.00689945  -0.00826406
  0.00689945  -0.00826406    -0.00689945   0.00826406     0.31783604   0.00000000

     Dynamical  Matrix in cartesian axes

     q = (   -0.750000000  -0.750000000  -0.250000000 ) 

    1    1
  0.26531804   0.00000000     0.00672714   0.00000000     0.00689945  -0.00826406
  0.00672714   0.00000000     0.26531804   0.00000000     0.00689945  -0.00826406
  0.00689945   0.00826406     0.00689945   0.00826406     0.31783604   0.00000000
    1    2
  0.06583819   0.06457468    -0.15042718   0.04602335    -0.04817531  -0.04550738
 -0.15042718   0.04602335     0.06583819   0.06457468    -0.04817531  -0.04550738
 -0.04817531  -0.04550738    -0.04817531  -0.04550738     0.08463139   0.06267430
    2    1
  0.06583819  -0.06457468    -0.15042718  -0.04602335    -0.04817531   0.04550738
 -0.15042718  -0.04602335     0.06583819  -0.06457468    -0.04817531   0.04550738
 -0.04817531   0.04550738    -0.04817531   0.04550738     0.08463139  -0.06267430
    2    2
  0.26531804   0.00000000     0.00672714   0.00000000     0.00689945   0.00826406
  0.00672714   0.00000000     0.26531804   0.00000000     0.00689945   0.00826406
  0.00689945  -0.00826406     0.00689945  -0.00826406     0.31783604   0.00000000

     Dynamical  Matrix in cartesian axes

     q = (    0.250000000  -0.750000000   0.750000000 ) 

    1    1
  0.31783604   0.00000000    -0.00689945  -0.00826406     0.00689945   0.00826406
 -0.00689945   0.00826406     0.26531804   0.00000000    -0.00672714   0.00000000
  0.00689945  -0.00826406    -0.00672714   0.00000000     0.26531804   0.00000000
    1    2
 -0.08463139  -0.06267430    -0.04817531  -0.04550738     0.04817531   0.04550738
 -0.04817531  -0.04550738    -0.06583819  -0.06457468    -0.15042718   0.04602335
  0.04817531   0.04550738    -0.15042718   0.04602335    -0.06583819  -0.06457468
    2    1
 -0.08463139   0.06267430    -0.04817531   0.04550738     0.04817531  -0.04550738
 -0.04817531   0.04550738    -0.06583819   0.06457468    -0.15042718  -0.04602335
  0.04817531  -0.04550738    -0.15042718  -0.04602335    -0.06583819   0.06457468
    2    2
  0.31783604   0.00000000    -0.00689945   0.00826406     0.00689945  -0.00826406
 -0.00689945  -0.00826406     0.26531804   0.00000000    -0.00672714   0.00000000
  0.00689945   0.00826406    -0.00672714   0.00000000     0.26531804   0.00000000

     Dynamical  Matrix in cartesian axes

     q = (   -0.750000000  -0.750000000   0.250000000 ) 

    1    1
  0.26531804   0.00000000     0.00672714   0.00000000    -0.00689945  -0.00826406
  0.00672714   0.00000000     0.26531804   0.00000000    -0.00689945  -0.00826406
 -0.00689945   0.00826406    -0.00689945   0.00826406     0.31783604   0.00000000
    1    2
 -0.06457468  -0.06583819    -0.04602335   0.15042718    -0.04550738  -0.04817531
 -0.04602335   0.15042718    -0.06457468  -0.06583819    -0.04550738  -0.04817531
 -0.04550738  -0.04817531    -0.04550738  -0.04817531    -0.06267430  -0.08463139
    2    1
 -0.06457468   0.06583819    -0.04602335  -0.15042718    -0.04550738   0.04817531
 -0.04602335  -0.15042718    -0.06457468   0.06583819    -0.04550738   0.04817531
 -0.04550738   0.04817531    -0.04550738   0.04817531    -0.06267430   0.08463139
    2    2
  0.26531804   0.00000000     0.00672714   0.00000000    -0.00689945   0.00826406
  0.00672714   0.00000000     0.26531804   0.00000000    -0.00689945   0.00826406
 -0.00689945  -0.00826406    -0.00689945  -0.00826406     0.31783604   0.00000000

     Dynamical  Matrix in cartesian axes

     q = (    0.250000000   0.750000000   0.750000000 ) 

    1    1
  0.31783604   0.00000000     0.00689945  -0.00826406     0.00689945  -0.00826406
  0.00689945   0.00826406     0.26531804   0.00000000     0.00672714   0.00000000
  0.00689945   0.00826406     0.00672714   0.00000000     0.26531804   0.00000000
    1    2
  0.08463139  -0.06267430    -0.04817531   0.04550738    -0.04817531   0.04550738
 -0.04817531   0.04550738     0.06583819  -0.06457468    -0.15042718  -0.04602335
 -0.04817531   0.04550738    -0.15042718  -0.04602335     0.06583819  -0.06457468
    2    1
  0.08463139   0.06267430    -0.04817531  -0.04550738    -0.04817531  -0.04550738
 -0.04817531  -0.04550738     0.06583819   0.06457468    -0.15042718   0.04602335
 -0.04817531  -0.04550738    -0.15042718   0.04602335     0.06583819   0.06457468
    2    2
  0.31783604   0.00000000     0.00689945   0.00826406     0.00689945   0.00826406
  0.00689945  -0.00826406     0.26531804   0.00000000     0.00672714   0.00000000
  0.00689945  -0.00826406     0.00672714   0.00000000     0.26531804   0.00000000

     Dynamical  Matrix in cartesian axes

     q = (   -0.250000000  -0.750000000   0.750000000 ) 

    1    1
  0.31783604   0.00000000     0.00689945  -0.00826406    -0.00689945   0.00826406
  0.00689945   0.00826406     0.26531804   0.00000000    -0.00672714   0.00000000
 -0.00689945  -0.00826406    -0.00672714   0.00000000     0.26531804   0.00000000
    1    2
 -0.08463139   0.06267430     0.04817531  -0.04550738    -0.04817531   0.04550738
  0.04817531  -0.04550738    -0.06583819   0.06457468    -0.15042718  -0.04602335
 -0.04817531   0.04550738    -0.15042718  -0.04602335    -0.06583819   0.06457468
    2    1
 -0.08463139  -0.06267430     0.04817531   0.04550738    -0.04817531  -0.04550738
  0.04817531   0.04550738    -0.06583819  -0.06457468    -0.15042718   0.04602335
 -0.04817531  -0.04550738    -0.15042718   0.04602335    -0.06583819  -0.06457468
    2    2
  0.31783604   0.00000000     0.00689945   0.00826406    -0.00689945  -0.00826406
  0.00689945  -0.00826406     0.26531804   0.00000000    -0.00672714   0.00000000
 -0.00689945   0.00826406    -0.00672714   0.00000000     0.26531804   0.00000000

     Dynamical  Matrix in cartesian axes

     q = (    0.750000000   0.750000000   0.250000000 ) 

    1    1
  0.26531804   0.00000000     0.00672714   0.00000000     0.00689945   0.00826406
  0.00672714   0.00000000     0.26531804   0.00000000     0.00689945   0.00826406
  0.00689945  -0.00826406     0.00689945  -0.00826406     0.31783604   0.00000000
    1    2
  0.06583819  -0.06457468    -0.15042718  -0.04602335    -0.04817531   0.04550738
 -0.15042718  -0.04602335     0.06583819  -0.06457468    -0.04817531   0.04550738
 -0.04817531   0.04550738    -0.04817531   0.04550738     0.08463139  -0.06267430
    2    1
  0.06583819   0.06457468    -0.15042718   0.04602335    -0.04817531  -0.04550738
 -0.15042718   0.04602335     0.06583819   0.06457468    -0.04817531  -0.04550738
 -0.04817531  -0.04550738    -0.04817531  -0.04550738     0.08463139   0.06267430
    2    2
  0.26531804   0.00000000     0.00672714   0.00000000     0.00689945  -0.00826406
  0.00672714   0.00000000     0.26531804   0.00000000     0.00689945  -0.00826406
  0.00689945   0.00826406     0.00689945   0.00826406     0.31783604   0.00000000

     Dynamical  Matrix in cartesian axes

     q = (    0.250000000  -0.750000000  -0.750000000 ) 

    1    1
  0.31783604   0.00000000    -0.00689945   0.00826406    -0.00689945   0.00826406
 -0.00689945  -0.00826406     0.26531804   0.00000000     0.00672714   0.00000000
 -0.00689945  -0.00826406     0.00672714   0.00000000     0.26531804   0.00000000
    1    2
 -0.06267430  -0.08463139    -0.04550738  -0.04817531    -0.04550738  -0.04817531
 -0.04550738  -0.04817531    -0.06457468  -0.06583819    -0.04602335   0.15042718
 -0.04550738  -0.04817531    -0.04602335   0.15042718    -0.06457468  -0.06583819
    2    1
 -0.06267430   0.08463139    -0.04550738   0.04817531    -0.04550738   0.04817531
 -0.04550738   0.04817531    -0.06457468   0.06583819    -0.04602335  -0.15042718
 -0.04550738   0.04817531    -0.04602335  -0.15042718    -0.06457468   0.06583819
    2    2
  0.31783604   0.00000000    -0.00689945  -0.00826406    -0.00689945  -0.00826406
 -0.00689945   0.00826406     0.26531804   0.00000000     0.00672714   0.00000000
 -0.00689945   0.00826406     0.00672714   0.00000000     0.26531804   0.00000000

     Dynamical  Matrix in cartesian axes

     q = (    0.750000000  -0.750000000  -0.250000000 ) 

    1    1
  0.26531804   0.00000000    -0.00672714   0.00000000    -0.00689945  -0.00826406
 -0.00672714   0.00000000     0.26531804   0.00000000     0.00689945   0.00826406
 -0.00689945   0.00826406     0.00689945  -0.00826406     0.31783604   0.00000000
    1    2
 -0.06583819   0.06457468    -0.15042718  -0.04602335    -0.04817531   0.04550738
 -0.15042718  -0.04602335    -0.06583819   0.06457468     0.04817531  -0.04550738
 -0.04817531   0.04550738     0.04817531  -0.04550738    -0.08463139   0.06267430
    2    1
 -0.06583819  -0.06457468    -0.15042718   0.04602335    -0.04817531  -0.04550738
 -0.15042718   0.04602335    -0.06583819  -0.06457468     0.04817531   0.04550738
 -0.04817531  -0.04550738     0.04817531   0.04550738    -0.08463139  -0.06267430
    2    2
  0.26531804   0.00000000    -0.00672714   0.00000000    -0.00689945   0.00826406
 -0.00672714   0.00000000     0.26531804   0.00000000     0.00689945  -0.00826406
 -0.00689945  -0.00826406     0.00689945   0.00826406     0.31783604   0.00000000

     Diagonalizing the dynamical matrix

     q = (    0.750000000  -0.250000000   0.750000000 ) 

 **************************************************************************
     freq (    1) =       4.190412 [THz] =     139.777113 [cm-1]
 ( -0.042733  0.498171 -0.000000  0.000000  0.042733 -0.498171 ) 
 ( -0.500000  0.000000 -0.000000 -0.000000  0.500000  0.000000 ) 
     freq (    2) =       5.946791 [THz] =     198.363598 [cm-1]
 (  0.386663  0.172768  0.343445 -0.152748  0.386663  0.172768 ) 
 (  0.423505 -0.000000  0.251254  0.279567  0.423505  0.000000 ) 
     freq (    3) =       9.669188 [THz] =     322.529409 [cm-1]
 (  0.127875 -0.282042  0.365996  0.417430  0.127875 -0.282042 ) 
 ( -0.309677 -0.000000  0.229049  0.505705 -0.309677  0.000000 ) 
     freq (    4) =      12.554517 [THz] =     418.773625 [cm-1]
 ( -0.051373 -0.313397  0.401086  0.370697 -0.051373 -0.313397 ) 
 (  0.317580 -0.000000 -0.430696 -0.335838  0.317580  0.000000 ) 
     freq (    5) =      14.181196 [THz] =     473.033796 [cm-1]
 ( -0.042733  0.498171 -0.000000  0.000000  0.042733 -0.498171 ) 
 (  0.500000  0.000000  0.000000  0.000000 -0.500000  0.000000 ) 
     freq (    6) =      14.571663 [THz] =     486.058358 [cm-1]
 ( -0.306382 -0.173254 -0.453121  0.216583 -0.306382 -0.173254 ) 
 (  0.351975  0.000000  0.287815  0.411569  0.351975  0.000000 ) 
 **************************************************************************
