Dynamical matrix file
phonons at Gamma                                                           
  1    2   2  10.1870000   0.0000000   0.0000000   0.0000000   0.0000000   0.0000000
           1  'Si     '    25598.367289828169     
    1    1      0.0000000000      0.0000000000      0.0000000000
    2    1      0.2500000000      0.2500000000      0.2500000000

     Dynamical  Matrix in cartesian axes

     q = (   -0.250000000   0.250000000  -0.250000000 ) 

    1    1
  0.28834136   0.00000000    -0.01219584  -0.00000000     0.01219584  -0.00000000
 -0.01219584  -0.00000000     0.28834136   0.00000000    -0.01219584   0.00000000
  0.01219584  -0.00000000    -0.01219584   0.00000000     0.28834136  -0.00000000
    1    2
 -0.21330276  -0.06246802    -0.04318639   0.04430182     0.04318639  -0.04430182
 -0.04318639   0.04430182    -0.21330276  -0.06246802    -0.04318639   0.04430182
  0.04318639  -0.04430182    -0.04318639   0.04430182    -0.21330276  -0.06246802
    2    1
 -0.21330276   0.06246802    -0.04318639  -0.04430182     0.04318639   0.04430182
 -0.04318639  -0.04430182    -0.21330276   0.06246802    -0.04318639  -0.04430182
  0.04318639   0.04430182    -0.04318639  -0.04430182    -0.21330276   0.06246802
    2    2
  0.28834136   0.00000000    -0.01219584  -0.00000000     0.01219584  -0.00000000
 -0.01219584  -0.00000000     0.28834136   0.00000000    -0.01219584   0.00000000
  0.01219584  -0.00000000    -0.01219584   0.00000000     0.28834136  -0.00000000

     Dynamical  Matrix in cartesian axes

     q = (    0.250000000  -0.250000000  -0.250000000 ) 

    1    1
  0.28834136   0.00000000    -0.01219584  -0.00000000    -0.01219584  -0.00000000
 -0.01219584  -0.00000000     0.28834136   0.00000000     0.01219584   0.00000000
 -0.01219584  -0.00000000     0.01219584   0.00000000     0.28834136   0.00000000
    1    2
 -0.21330276  -0.06246802    -0.04318639   0.04430182    -0.04318639   0.04430182
 -0.04318639   0.04430182    -0.21330276  -0.06246802     0.04318639  -0.04430182
 -0.04318639   0.04430182     0.04318639  -0.04430182    -0.21330276  -0.06246802
    2    1
 -0.21330276   0.06246802    -0.04318639  -0.04430182    -0.04318639  -0.04430182
 -0.04318639  -0.04430182    -0.21330276   0.06246802     0.04318639   0.04430182
 -0.04318639  -0.04430182     0.04318639   0.04430182    -0.21330276   0.06246802
    2    2
  0.28834136   0.00000000    -0.01219584  -0.00000000    -0.01219584  -0.00000000
 -0.01219584  -0.00000000     0.28834136   0.00000000     0.01219584   0.00000000
 -0.01219584  -0.00000000     0.01219584   0.00000000     0.28834136   0.00000000

     Dynamical  Matrix in cartesian axes

     q = (    0.250000000  -0.250000000   0.250000000 ) 

    1    1
  0.28834136   0.00000000    -0.01219584  -0.00000000     0.01219584  -0.00000000
 -0.01219584  -0.00000000     0.28834136   0.00000000    -0.01219584   0.00000000
  0.01219584   0.00000000    -0.01219584  -0.00000000     0.28834136  -0.00000000
    1    2
 -0.21330276   0.06246802    -0.04318639  -0.04430182     0.04318639   0.04430182
 -0.04318639  -0.04430182    -0.21330276   0.06246802    -0.04318639  -0.04430182
  0.04318639   0.04430182    -0.04318639  -0.04430182    -0.21330276   0.06246802
    2    1
 -0.21330276  -0.06246802    -0.04318639   0.04430182     0.04318639  -0.04430182
 -0.04318639   0.04430182    -0.21330276  -0.06246802    -0.04318639   0.04430182
  0.04318639  -0.04430182    -0.04318639   0.04430182    -0.21330276  -0.06246802
    2    2
  0.28834136   0.00000000    -0.01219584  -0.00000000     0.01219584  -0.00000000
 -0.01219584  -0.00000000     0.28834136   0.00000000    -0.01219584   0.00000000
  0.01219584   0.00000000    -0.01219584  -0.00000000     0.28834136  -0.00000000

     Dynamical  Matrix in cartesian axes

     q = (    0.250000000   0.250000000   0.250000000 ) 

    1    1
  0.28834136  -0.00000000     0.01219584   0.00000000     0.01219584   0.00000000
  0.01219584  -0.00000000     0.28834136   0.00000000     0.01219584   0.00000000
  0.01219584  -0.00000000     0.01219584   0.00000000     0.28834136   0.00000000
    1    2
 -0.06246802   0.21330276    -0.04430182  -0.04318639    -0.04430182  -0.04318639
 -0.04430182  -0.04318639    -0.06246802   0.21330276    -0.04430182  -0.04318639
 -0.04430182  -0.04318639    -0.04430182  -0.04318639    -0.06246802   0.21330276
    2    1
 -0.06246802  -0.21330276    -0.04430182   0.04318639    -0.04430182   0.04318639
 -0.04430182   0.04318639    -0.06246802  -0.21330276    -0.04430182   0.04318639
 -0.04430182   0.04318639    -0.04430182   0.04318639    -0.06246802  -0.21330276
    2    2
  0.28834136  -0.00000000     0.01219584   0.00000000     0.01219584   0.00000000
  0.01219584  -0.00000000     0.28834136   0.00000000     0.01219584   0.00000000
  0.01219584  -0.00000000     0.01219584   0.00000000     0.28834136   0.00000000

     Dynamical  Matrix in cartesian axes

     q = (   -0.250000000  -0.250000000  -0.250000000 ) 

    1    1
  0.28834136  -0.00000000     0.01219584   0.00000000     0.01219584   0.00000000
  0.01219584   0.00000000     0.28834136   0.00000000     0.01219584   0.00000000
  0.01219584  -0.00000000     0.01219584   0.00000000     0.28834136   0.00000000
    1    2
 -0.06246802  -0.21330276    -0.04430182   0.04318639    -0.04430182   0.04318639
 -0.04430182   0.04318639    -0.06246802  -0.21330276    -0.04430182   0.04318639
 -0.04430182   0.04318639    -0.04430182   0.04318639    -0.06246802  -0.21330276
    2    1
 -0.06246802   0.21330276    -0.04430182  -0.04318639    -0.04430182  -0.04318639
 -0.04430182  -0.04318639    -0.06246802   0.21330276    -0.04430182  -0.04318639
 -0.04430182  -0.04318639    -0.04430182  -0.04318639    -0.06246802   0.21330276
    2    2
  0.28834136  -0.00000000     0.01219584   0.00000000     0.01219584   0.00000000
  0.01219584   0.00000000     0.28834136   0.00000000     0.01219584   0.00000000
  0.01219584  -0.00000000     0.01219584   0.00000000     0.28834136   0.00000000

     Dynamical  Matrix in cartesian axes

     q = (   -0.250000000  -0.250000000   0.250000000 ) 

    1    1
  0.28834136   0.00000000     0.01219584  -0.00000000    -0.01219584  -0.00000000
  0.01219584   0.00000000     0.28834136  -0.00000000    -0.01219584  -0.00000000
 -0.01219584  -0.00000000    -0.01219584   0.00000000     0.28834136   0.00000000
    1    2
 -0.21330276  -0.06246802     0.04318639  -0.04430182    -0.04318639   0.04430182
  0.04318639  -0.04430182    -0.21330276  -0.06246802    -0.04318639   0.04430182
 -0.04318639   0.04430182    -0.04318639   0.04430182    -0.21330276  -0.06246802
    2    1
 -0.21330276   0.06246802     0.04318639   0.04430182    -0.04318639  -0.04430182
  0.04318639   0.04430182    -0.21330276   0.06246802    -0.04318639  -0.04430182
 -0.04318639  -0.04430182    -0.04318639  -0.04430182    -0.21330276   0.06246802
    2    2
  0.28834136   0.00000000     0.01219584  -0.00000000    -0.01219584  -0.00000000
  0.01219584   0.00000000     0.28834136  -0.00000000    -0.01219584  -0.00000000
 -0.01219584  -0.00000000    -0.01219584   0.00000000     0.28834136   0.00000000

     Dynamical  Matrix in cartesian axes

     q = (   -0.250000000   0.250000000   0.250000000 ) 

    1    1
  0.28834136   0.00000000    -0.01219584  -0.00000000    -0.01219584  -0.00000000
 -0.01219584  -0.00000000     0.28834136   0.00000000     0.01219584   0.00000000
 -0.01219584  -0.00000000     0.01219584   0.00000000     0.28834136  -0.00000000
    1    2
 -0.21330276   0.06246802    -0.04318639  -0.04430182    -0.04318639  -0.04430182
 -0.04318639  -0.04430182    -0.21330276   0.06246802     0.04318639   0.04430182
 -0.04318639  -0.04430182     0.04318639   0.04430182    -0.21330276   0.06246802
    2    1
 -0.21330276  -0.06246802    -0.04318639   0.04430182    -0.04318639   0.04430182
 -0.04318639   0.04430182    -0.21330276  -0.06246802     0.04318639  -0.04430182
 -0.04318639   0.04430182     0.04318639  -0.04430182    -0.21330276  -0.06246802
    2    2
  0.28834136   0.00000000    -0.01219584  -0.00000000    -0.01219584  -0.00000000
 -0.01219584  -0.00000000     0.28834136   0.00000000     0.01219584   0.00000000
 -0.01219584  -0.00000000     0.01219584   0.00000000     0.28834136  -0.00000000

     Dynamical  Matrix in cartesian axes

     q = (    0.250000000   0.250000000  -0.250000000 ) 

    1    1
  0.28834136  -0.00000000     0.01219584  -0.00000000    -0.01219584  -0.00000000
  0.01219584   0.00000000     0.28834136   0.00000000    -0.01219584  -0.00000000
 -0.01219584  -0.00000000    -0.01219584  -0.00000000     0.28834136   0.00000000
    1    2
 -0.21330276   0.06246802     0.04318639   0.04430182    -0.04318639  -0.04430182
  0.04318639   0.04430182    -0.21330276   0.06246802    -0.04318639  -0.04430182
 -0.04318639  -0.04430182    -0.04318639  -0.04430182    -0.21330276   0.06246802
    2    1
 -0.21330276  -0.06246802     0.04318639  -0.04430182    -0.04318639   0.04430182
  0.04318639  -0.04430182    -0.21330276  -0.06246802    -0.04318639   0.04430182
 -0.04318639   0.04430182    -0.04318639   0.04430182    -0.21330276  -0.06246802
    2    2
  0.28834136  -0.00000000     0.01219584  -0.00000000    -0.01219584  -0.00000000
  0.01219584   0.00000000     0.28834136   0.00000000    -0.01219584  -0.00000000
 -0.01219584  -0.00000000    -0.01219584  -0.00000000     0.28834136   0.00000000

     Diagonalizing the dynamical matrix

     q = (   -0.250000000   0.250000000  -0.250000000 ) 

 **************************************************************************
     freq (    1) =       2.835332 [THz] =      94.576495 [cm-1]
 ( -0.517587  0.143254 -0.424841  0.149823  0.092746  0.006569 ) 
 ( -0.506173  0.179463 -0.413195  0.179463  0.092979 -0.000000 ) 
     freq (    2) =       2.835332 [THz] =      94.576495 [cm-1]
 (  0.207306  0.044040 -0.361085  0.003783 -0.568390 -0.040257 ) 
 (  0.209899  0.029284 -0.359915  0.029284 -0.569814  0.000000 ) 
     freq (    3) =       6.985582 [THz] =     233.013930 [cm-1]
 ( -0.262618 -0.312567  0.262618  0.312567 -0.262618 -0.312567 ) 
 ( -0.408248 -0.000000  0.408248 -0.000000 -0.408248  0.000000 ) 
     freq (    4) =      14.685041 [THz] =     489.840229 [cm-1]
 (  0.262618  0.312567 -0.262618 -0.312567  0.262618  0.312567 ) 
 ( -0.408248  0.000000  0.408248  0.000000 -0.408248  0.000000 ) 
     freq (    5) =      15.015694 [THz] =     500.869634 [cm-1]
 (  0.482255 -0.252468  0.336637 -0.262782 -0.145618 -0.010314 ) 
 ( -0.463213  0.285909 -0.317231  0.285909  0.145982  0.000000 ) 
     freq (    6) =      15.015694 [THz] =     500.869634 [cm-1]
 ( -0.171592 -0.087060  0.385602 -0.047596  0.557194  0.039464 ) 
 (  0.177314  0.074720 -0.381276  0.074720 -0.558590  0.000000 ) 
 **************************************************************************
