Dynamical matrix file
                                                                           
  1    2  2 10.1870000  0.0000000  0.0000000  0.0000000  0.0000000  0.0000000
           1  'Si  '    25598.3672624059     
    1    1      0.0000000      0.0000000      0.0000000
    2    1      0.2500000      0.2500000      0.2500000

     Dynamical  Matrix in cartesian axes

     q = (    0.750000000  -0.250000000   0.750000000 ) 

  1  1
  0.26532040  0.00000000   -0.00689716  0.00825696    0.00672674  0.00000000
 -0.00689716 -0.00825696    0.31784286  0.00000000   -0.00689716 -0.00825696
  0.00672674  0.00000000   -0.00689716  0.00825696    0.26532040  0.00000000
  1  2
 -0.06457688  0.06583878   -0.04550087  0.04817243   -0.04602550 -0.15042650
 -0.04550087  0.04817243   -0.06267371  0.08462711   -0.04550087  0.04817243
 -0.04602550 -0.15042650   -0.04550087  0.04817243   -0.06457688  0.06583878
  2  1
 -0.06457688 -0.06583878   -0.04550087 -0.04817243   -0.04602550  0.15042650
 -0.04550087 -0.04817243   -0.06267371 -0.08462711   -0.04550087 -0.04817243
 -0.04602550  0.15042650   -0.04550087 -0.04817243   -0.06457688 -0.06583878
  2  2
  0.26532040  0.00000000   -0.00689716 -0.00825696    0.00672674  0.00000000
 -0.00689716  0.00825696    0.31784286  0.00000000   -0.00689716  0.00825696
  0.00672674  0.00000000   -0.00689716 -0.00825696    0.26532040  0.00000000

     Dynamical  Matrix in cartesian axes

     q = (   -0.750000000  -0.250000000  -0.750000000 ) 

  1  1
  0.26532040  0.00000000    0.00689716 -0.00825696    0.00672674  0.00000000
  0.00689716  0.00825696    0.31784286  0.00000000    0.00689716  0.00825696
  0.00672674  0.00000000    0.00689716 -0.00825696    0.26532040  0.00000000
  1  2
  0.06583878  0.06457688   -0.04817243 -0.04550087   -0.15042650  0.04602550
 -0.04817243 -0.04550087    0.08462711  0.06267371   -0.04817243 -0.04550087
 -0.15042650  0.04602550   -0.04817243 -0.04550087    0.06583878  0.06457688
  2  1
  0.06583878 -0.06457688   -0.04817243  0.04550087   -0.15042650 -0.04602550
 -0.04817243  0.04550087    0.08462711 -0.06267371   -0.04817243  0.04550087
 -0.15042650 -0.04602550   -0.04817243  0.04550087    0.06583878 -0.06457688
  2  2
  0.26532040  0.00000000    0.00689716  0.00825696    0.00672674  0.00000000
  0.00689716 -0.00825696    0.31784286  0.00000000    0.00689716 -0.00825696
  0.00672674  0.00000000    0.00689716  0.00825696    0.26532040  0.00000000

     Dynamical  Matrix in cartesian axes

     q = (    0.750000000  -0.250000000  -0.750000000 ) 

  1  1
  0.26532040  0.00000000   -0.00689716 -0.00825696   -0.00672674  0.00000000
 -0.00689716  0.00825696    0.31784286  0.00000000    0.00689716 -0.00825696
 -0.00672674  0.00000000    0.00689716  0.00825696    0.26532040  0.00000000
  1  2
 -0.06583878  0.06457688   -0.04817243  0.04550087   -0.15042650 -0.04602550
 -0.04817243  0.04550087   -0.08462711  0.06267371    0.04817243 -0.04550087
 -0.15042650 -0.04602550    0.04817243 -0.04550087   -0.06583878  0.06457688
  2  1
 -0.06583878 -0.06457688   -0.04817243 -0.04550087   -0.15042650  0.04602550
 -0.04817243 -0.04550087   -0.08462711 -0.06267371    0.04817243  0.04550087
 -0.15042650  0.04602550    0.04817243  0.04550087   -0.06583878 -0.06457688
  2  2
  0.26532040  0.00000000   -0.00689716  0.00825696   -0.00672674  0.00000000
 -0.00689716 -0.00825696    0.31784286  0.00000000    0.00689716  0.00825696
 -0.00672674  0.00000000    0.00689716 -0.00825696    0.26532040  0.00000000

     Dynamical  Matrix in cartesian axes

     q = (   -0.750000000  -0.250000000   0.750000000 ) 

  1  1
  0.26532040  0.00000000    0.00689716  0.00825696   -0.00672674  0.00000000
  0.00689716 -0.00825696    0.31784286  0.00000000   -0.00689716  0.00825696
 -0.00672674  0.00000000   -0.00689716 -0.00825696    0.26532040  0.00000000
  1  2
 -0.06583878  0.06457688    0.04817243 -0.04550087   -0.15042650 -0.04602550
  0.04817243 -0.04550087   -0.08462711  0.06267371   -0.04817243  0.04550087
 -0.15042650 -0.04602550   -0.04817243  0.04550087   -0.06583878  0.06457688
  2  1
 -0.06583878 -0.06457688    0.04817243  0.04550087   -0.15042650  0.04602550
  0.04817243  0.04550087   -0.08462711 -0.06267371   -0.04817243 -0.04550087
 -0.15042650  0.04602550   -0.04817243 -0.04550087   -0.06583878 -0.06457688
  2  2
  0.26532040  0.00000000    0.00689716 -0.00825696   -0.00672674  0.00000000
  0.00689716  0.00825696    0.31784286  0.00000000   -0.00689716 -0.00825696
 -0.00672674  0.00000000   -0.00689716  0.00825696    0.26532040  0.00000000

     Dynamical  Matrix in cartesian axes

     q = (   -0.750000000   0.250000000  -0.750000000 ) 

  1  1
  0.26532040  0.00000000   -0.00689716 -0.00825696    0.00672674  0.00000000
 -0.00689716  0.00825696    0.31784286  0.00000000   -0.00689716  0.00825696
  0.00672674  0.00000000   -0.00689716 -0.00825696    0.26532040  0.00000000
  1  2
 -0.06457688 -0.06583878   -0.04550087 -0.04817243   -0.04602550  0.15042650
 -0.04550087 -0.04817243   -0.06267371 -0.08462711   -0.04550087 -0.04817243
 -0.04602550  0.15042650   -0.04550087 -0.04817243   -0.06457688 -0.06583878
  2  1
 -0.06457688  0.06583878   -0.04550087  0.04817243   -0.04602550 -0.15042650
 -0.04550087  0.04817243   -0.06267371  0.08462711   -0.04550087  0.04817243
 -0.04602550 -0.15042650   -0.04550087  0.04817243   -0.06457688  0.06583878
  2  2
  0.26532040  0.00000000   -0.00689716  0.00825696    0.00672674  0.00000000
 -0.00689716 -0.00825696    0.31784286  0.00000000   -0.00689716 -0.00825696
  0.00672674  0.00000000   -0.00689716  0.00825696    0.26532040  0.00000000

     Dynamical  Matrix in cartesian axes

     q = (   -0.250000000   0.750000000  -0.750000000 ) 

  1  1
  0.31784286  0.00000000   -0.00689716  0.00825696    0.00689716 -0.00825696
 -0.00689716 -0.00825696    0.26532040  0.00000000   -0.00672674  0.00000000
  0.00689716  0.00825696   -0.00672674  0.00000000    0.26532040  0.00000000
  1  2
 -0.08462711  0.06267371   -0.04817243  0.04550087    0.04817243 -0.04550087
 -0.04817243  0.04550087   -0.06583878  0.06457688   -0.15042650 -0.04602550
  0.04817243 -0.04550087   -0.15042650 -0.04602550   -0.06583878  0.06457688
  2  1
 -0.08462711 -0.06267371   -0.04817243 -0.04550087    0.04817243  0.04550087
 -0.04817243 -0.04550087   -0.06583878 -0.06457688   -0.15042650  0.04602550
  0.04817243  0.04550087   -0.15042650  0.04602550   -0.06583878 -0.06457688
  2  2
  0.31784286  0.00000000   -0.00689716 -0.00825696    0.00689716  0.00825696
 -0.00689716  0.00825696    0.26532040  0.00000000   -0.00672674  0.00000000
  0.00689716 -0.00825696   -0.00672674  0.00000000    0.26532040  0.00000000

     Dynamical  Matrix in cartesian axes

     q = (   -0.750000000   0.750000000  -0.250000000 ) 

  1  1
  0.26532040  0.00000000   -0.00672674  0.00000000    0.00689716  0.00825696
 -0.00672674  0.00000000    0.26532040  0.00000000   -0.00689716 -0.00825696
  0.00689716 -0.00825696   -0.00689716  0.00825696    0.31784286  0.00000000
  1  2
 -0.06583878  0.06457688   -0.15042650 -0.04602550    0.04817243 -0.04550087
 -0.15042650 -0.04602550   -0.06583878  0.06457688   -0.04817243  0.04550087
  0.04817243 -0.04550087   -0.04817243  0.04550087   -0.08462711  0.06267371
  2  1
 -0.06583878 -0.06457688   -0.15042650  0.04602550    0.04817243  0.04550087
 -0.15042650  0.04602550   -0.06583878 -0.06457688   -0.04817243 -0.04550087
  0.04817243  0.04550087   -0.04817243 -0.04550087   -0.08462711 -0.06267371
  2  2
  0.26532040  0.00000000   -0.00672674  0.00000000    0.00689716 -0.00825696
 -0.00672674  0.00000000    0.26532040  0.00000000   -0.00689716  0.00825696
  0.00689716  0.00825696   -0.00689716 -0.00825696    0.31784286  0.00000000

     Dynamical  Matrix in cartesian axes

     q = (    0.250000000   0.750000000   0.750000000 ) 

  1  1
  0.31784286  0.00000000    0.00689716 -0.00825696    0.00689716 -0.00825696
  0.00689716  0.00825696    0.26532040  0.00000000    0.00672674  0.00000000
  0.00689716  0.00825696    0.00672674  0.00000000    0.26532040  0.00000000
  1  2
  0.08462711 -0.06267371   -0.04817243  0.04550087   -0.04817243  0.04550087
 -0.04817243  0.04550087    0.06583878 -0.06457688   -0.15042650 -0.04602550
 -0.04817243  0.04550087   -0.15042650 -0.04602550    0.06583878 -0.06457688
  2  1
  0.08462711  0.06267371   -0.04817243 -0.04550087   -0.04817243 -0.04550087
 -0.04817243 -0.04550087    0.06583878  0.06457688   -0.15042650  0.04602550
 -0.04817243 -0.04550087   -0.15042650  0.04602550    0.06583878  0.06457688
  2  2
  0.31784286  0.00000000    0.00689716  0.00825696    0.00689716  0.00825696
  0.00689716 -0.00825696    0.26532040  0.00000000    0.00672674  0.00000000
  0.00689716 -0.00825696    0.00672674  0.00000000    0.26532040  0.00000000

     Dynamical  Matrix in cartesian axes

     q = (   -0.750000000  -0.750000000   0.250000000 ) 

  1  1
  0.26532040  0.00000000    0.00672674  0.00000000   -0.00689716 -0.00825696
  0.00672674  0.00000000    0.26532040  0.00000000   -0.00689716 -0.00825696
 -0.00689716  0.00825696   -0.00689716  0.00825696    0.31784286  0.00000000
  1  2
 -0.06457688 -0.06583878   -0.04602550  0.15042650   -0.04550087 -0.04817243
 -0.04602550  0.15042650   -0.06457688 -0.06583878   -0.04550087 -0.04817243
 -0.04550087 -0.04817243   -0.04550087 -0.04817243   -0.06267371 -0.08462711
  2  1
 -0.06457688  0.06583878   -0.04602550 -0.15042650   -0.04550087  0.04817243
 -0.04602550 -0.15042650   -0.06457688  0.06583878   -0.04550087  0.04817243
 -0.04550087  0.04817243   -0.04550087  0.04817243   -0.06267371  0.08462711
  2  2
  0.26532040  0.00000000    0.00672674  0.00000000   -0.00689716  0.00825696
  0.00672674  0.00000000    0.26532040  0.00000000   -0.00689716  0.00825696
 -0.00689716 -0.00825696   -0.00689716 -0.00825696    0.31784286  0.00000000

     Dynamical  Matrix in cartesian axes

     q = (    0.750000000   0.750000000   0.250000000 ) 

  1  1
  0.26532040  0.00000000    0.00672674  0.00000000    0.00689716  0.00825696
  0.00672674  0.00000000    0.26532040  0.00000000    0.00689716  0.00825696
  0.00689716 -0.00825696    0.00689716 -0.00825696    0.31784286  0.00000000
  1  2
  0.06583878 -0.06457688   -0.15042650 -0.04602550   -0.04817243  0.04550087
 -0.15042650 -0.04602550    0.06583878 -0.06457688   -0.04817243  0.04550087
 -0.04817243  0.04550087   -0.04817243  0.04550087    0.08462711 -0.06267371
  2  1
  0.06583878  0.06457688   -0.15042650  0.04602550   -0.04817243 -0.04550087
 -0.15042650  0.04602550    0.06583878  0.06457688   -0.04817243 -0.04550087
 -0.04817243 -0.04550087   -0.04817243 -0.04550087    0.08462711  0.06267371
  2  2
  0.26532040  0.00000000    0.00672674  0.00000000    0.00689716 -0.00825696
  0.00672674  0.00000000    0.26532040  0.00000000    0.00689716 -0.00825696
  0.00689716  0.00825696    0.00689716  0.00825696    0.31784286  0.00000000

     Dynamical  Matrix in cartesian axes

     q = (    0.750000000  -0.750000000  -0.250000000 ) 

  1  1
  0.26532040  0.00000000   -0.00672674  0.00000000   -0.00689716 -0.00825696
 -0.00672674  0.00000000    0.26532040  0.00000000    0.00689716  0.00825696
 -0.00689716  0.00825696    0.00689716 -0.00825696    0.31784286  0.00000000
  1  2
 -0.06583878  0.06457688   -0.15042650 -0.04602550   -0.04817243  0.04550087
 -0.15042650 -0.04602550   -0.06583878  0.06457688    0.04817243 -0.04550087
 -0.04817243  0.04550087    0.04817243 -0.04550087   -0.08462711  0.06267371
  2  1
 -0.06583878 -0.06457688   -0.15042650  0.04602550   -0.04817243 -0.04550087
 -0.15042650  0.04602550   -0.06583878 -0.06457688    0.04817243  0.04550087
 -0.04817243 -0.04550087    0.04817243  0.04550087   -0.08462711 -0.06267371
  2  2
  0.26532040  0.00000000   -0.00672674  0.00000000   -0.00689716  0.00825696
 -0.00672674  0.00000000    0.26532040  0.00000000    0.00689716 -0.00825696
 -0.00689716 -0.00825696    0.00689716  0.00825696    0.31784286  0.00000000

     Dynamical  Matrix in cartesian axes

     q = (   -0.250000000   0.750000000   0.750000000 ) 

  1  1
  0.31784286  0.00000000   -0.00689716 -0.00825696   -0.00689716 -0.00825696
 -0.00689716  0.00825696    0.26532040  0.00000000    0.00672674  0.00000000
 -0.00689716  0.00825696    0.00672674  0.00000000    0.26532040  0.00000000
  1  2
 -0.06267371  0.08462711   -0.04550087  0.04817243   -0.04550087  0.04817243
 -0.04550087  0.04817243   -0.06457688  0.06583878   -0.04602550 -0.15042650
 -0.04550087  0.04817243   -0.04602550 -0.15042650   -0.06457688  0.06583878
  2  1
 -0.06267371 -0.08462711   -0.04550087 -0.04817243   -0.04550087 -0.04817243
 -0.04550087 -0.04817243   -0.06457688 -0.06583878   -0.04602550  0.15042650
 -0.04550087 -0.04817243   -0.04602550  0.15042650   -0.06457688 -0.06583878
  2  2
  0.31784286  0.00000000   -0.00689716  0.00825696   -0.00689716  0.00825696
 -0.00689716 -0.00825696    0.26532040  0.00000000    0.00672674  0.00000000
 -0.00689716 -0.00825696    0.00672674  0.00000000    0.26532040  0.00000000

     Dynamical  Matrix in cartesian axes

     q = (    0.250000000   0.750000000  -0.750000000 ) 

  1  1
  0.31784286  0.00000000    0.00689716  0.00825696   -0.00689716 -0.00825696
  0.00689716 -0.00825696    0.26532040  0.00000000   -0.00672674  0.00000000
 -0.00689716  0.00825696   -0.00672674  0.00000000    0.26532040  0.00000000
  1  2
 -0.08462711 -0.06267371    0.04817243  0.04550087   -0.04817243 -0.04550087
  0.04817243  0.04550087   -0.06583878 -0.06457688   -0.15042650  0.04602550
 -0.04817243 -0.04550087   -0.15042650  0.04602550   -0.06583878 -0.06457688
  2  1
 -0.08462711  0.06267371    0.04817243 -0.04550087   -0.04817243  0.04550087
  0.04817243 -0.04550087   -0.06583878  0.06457688   -0.15042650 -0.04602550
 -0.04817243  0.04550087   -0.15042650 -0.04602550   -0.06583878  0.06457688
  2  2
  0.31784286  0.00000000    0.00689716 -0.00825696   -0.00689716  0.00825696
  0.00689716  0.00825696    0.26532040  0.00000000   -0.00672674  0.00000000
 -0.00689716 -0.00825696   -0.00672674  0.00000000    0.26532040  0.00000000

     Dynamical  Matrix in cartesian axes

     q = (   -0.250000000  -0.750000000  -0.750000000 ) 

  1  1
  0.31784286  0.00000000    0.00689716  0.00825696    0.00689716  0.00825696
  0.00689716 -0.00825696    0.26532040  0.00000000    0.00672674  0.00000000
  0.00689716 -0.00825696    0.00672674  0.00000000    0.26532040  0.00000000
  1  2
  0.08462711  0.06267371   -0.04817243 -0.04550087   -0.04817243 -0.04550087
 -0.04817243 -0.04550087    0.06583878  0.06457688   -0.15042650  0.04602550
 -0.04817243 -0.04550087   -0.15042650  0.04602550    0.06583878  0.06457688
  2  1
  0.08462711 -0.06267371   -0.04817243  0.04550087   -0.04817243  0.04550087
 -0.04817243  0.04550087    0.06583878 -0.06457688   -0.15042650 -0.04602550
 -0.04817243  0.04550087   -0.15042650 -0.04602550    0.06583878 -0.06457688
  2  2
  0.31784286  0.00000000    0.00689716 -0.00825696    0.00689716 -0.00825696
  0.00689716  0.00825696    0.26532040  0.00000000    0.00672674  0.00000000
  0.00689716  0.00825696    0.00672674  0.00000000    0.26532040  0.00000000

     Dynamical  Matrix in cartesian axes

     q = (   -0.750000000   0.250000000   0.750000000 ) 

  1  1
  0.26532040  0.00000000   -0.00689716  0.00825696   -0.00672674  0.00000000
 -0.00689716 -0.00825696    0.31784286  0.00000000    0.00689716  0.00825696
 -0.00672674  0.00000000    0.00689716 -0.00825696    0.26532040  0.00000000
  1  2
 -0.06583878 -0.06457688   -0.04817243 -0.04550087   -0.15042650  0.04602550
 -0.04817243 -0.04550087   -0.08462711 -0.06267371    0.04817243  0.04550087
 -0.15042650  0.04602550    0.04817243  0.04550087   -0.06583878 -0.06457688
  2  1
 -0.06583878  0.06457688   -0.04817243  0.04550087   -0.15042650 -0.04602550
 -0.04817243  0.04550087   -0.08462711  0.06267371    0.04817243 -0.04550087
 -0.15042650 -0.04602550    0.04817243 -0.04550087   -0.06583878  0.06457688
  2  2
  0.26532040  0.00000000   -0.00689716 -0.00825696   -0.00672674  0.00000000
 -0.00689716  0.00825696    0.31784286  0.00000000    0.00689716 -0.00825696
 -0.00672674  0.00000000    0.00689716  0.00825696    0.26532040  0.00000000

     Dynamical  Matrix in cartesian axes

     q = (    0.750000000   0.750000000  -0.250000000 ) 

  1  1
  0.26532040  0.00000000    0.00672674  0.00000000   -0.00689716  0.00825696
  0.00672674  0.00000000    0.26532040  0.00000000   -0.00689716  0.00825696
 -0.00689716 -0.00825696   -0.00689716 -0.00825696    0.31784286  0.00000000
  1  2
 -0.06457688  0.06583878   -0.04602550 -0.15042650   -0.04550087  0.04817243
 -0.04602550 -0.15042650   -0.06457688  0.06583878   -0.04550087  0.04817243
 -0.04550087  0.04817243   -0.04550087  0.04817243   -0.06267371  0.08462711
  2  1
 -0.06457688 -0.06583878   -0.04602550  0.15042650   -0.04550087 -0.04817243
 -0.04602550  0.15042650   -0.06457688 -0.06583878   -0.04550087 -0.04817243
 -0.04550087 -0.04817243   -0.04550087 -0.04817243   -0.06267371 -0.08462711
  2  2
  0.26532040  0.00000000    0.00672674  0.00000000   -0.00689716 -0.00825696
  0.00672674  0.00000000    0.26532040  0.00000000   -0.00689716 -0.00825696
 -0.00689716  0.00825696   -0.00689716  0.00825696    0.31784286  0.00000000

     Dynamical  Matrix in cartesian axes

     q = (    0.750000000  -0.750000000   0.250000000 ) 

  1  1
  0.26532040  0.00000000   -0.00672674  0.00000000    0.00689716 -0.00825696
 -0.00672674  0.00000000    0.26532040  0.00000000   -0.00689716  0.00825696
  0.00689716  0.00825696   -0.00689716 -0.00825696    0.31784286  0.00000000
  1  2
 -0.06583878 -0.06457688   -0.15042650  0.04602550    0.04817243  0.04550087
 -0.15042650  0.04602550   -0.06583878 -0.06457688   -0.04817243 -0.04550087
  0.04817243  0.04550087   -0.04817243 -0.04550087   -0.08462711 -0.06267371
  2  1
 -0.06583878  0.06457688   -0.15042650 -0.04602550    0.04817243 -0.04550087
 -0.15042650 -0.04602550   -0.06583878  0.06457688   -0.04817243  0.04550087
  0.04817243 -0.04550087   -0.04817243  0.04550087   -0.08462711  0.06267371
  2  2
  0.26532040  0.00000000   -0.00672674  0.00000000    0.00689716  0.00825696
 -0.00672674  0.00000000    0.26532040  0.00000000   -0.00689716 -0.00825696
  0.00689716 -0.00825696   -0.00689716  0.00825696    0.31784286  0.00000000

     Dynamical  Matrix in cartesian axes

     q = (   -0.750000000  -0.750000000  -0.250000000 ) 

  1  1
  0.26532040  0.00000000    0.00672674  0.00000000    0.00689716 -0.00825696
  0.00672674  0.00000000    0.26532040  0.00000000    0.00689716 -0.00825696
  0.00689716  0.00825696    0.00689716  0.00825696    0.31784286  0.00000000
  1  2
  0.06583878  0.06457688   -0.15042650  0.04602550   -0.04817243 -0.04550087
 -0.15042650  0.04602550    0.06583878  0.06457688   -0.04817243 -0.04550087
 -0.04817243 -0.04550087   -0.04817243 -0.04550087    0.08462711  0.06267371
  2  1
  0.06583878 -0.06457688   -0.15042650 -0.04602550   -0.04817243  0.04550087
 -0.15042650 -0.04602550    0.06583878 -0.06457688   -0.04817243  0.04550087
 -0.04817243  0.04550087   -0.04817243  0.04550087    0.08462711 -0.06267371
  2  2
  0.26532040  0.00000000    0.00672674  0.00000000    0.00689716  0.00825696
  0.00672674  0.00000000    0.26532040  0.00000000    0.00689716  0.00825696
  0.00689716 -0.00825696    0.00689716 -0.00825696    0.31784286  0.00000000

     Dynamical  Matrix in cartesian axes

     q = (   -0.750000000   0.750000000   0.250000000 ) 

  1  1
  0.26532040  0.00000000   -0.00672674  0.00000000   -0.00689716  0.00825696
 -0.00672674  0.00000000    0.26532040  0.00000000    0.00689716 -0.00825696
 -0.00689716 -0.00825696    0.00689716  0.00825696    0.31784286  0.00000000
  1  2
 -0.06583878 -0.06457688   -0.15042650  0.04602550   -0.04817243 -0.04550087
 -0.15042650  0.04602550   -0.06583878 -0.06457688    0.04817243  0.04550087
 -0.04817243 -0.04550087    0.04817243  0.04550087   -0.08462711 -0.06267371
  2  1
 -0.06583878  0.06457688   -0.15042650 -0.04602550   -0.04817243  0.04550087
 -0.15042650 -0.04602550   -0.06583878  0.06457688    0.04817243 -0.04550087
 -0.04817243  0.04550087    0.04817243 -0.04550087   -0.08462711  0.06267371
  2  2
  0.26532040  0.00000000   -0.00672674  0.00000000   -0.00689716 -0.00825696
 -0.00672674  0.00000000    0.26532040  0.00000000    0.00689716  0.00825696
 -0.00689716  0.00825696    0.00689716 -0.00825696    0.31784286  0.00000000

     Dynamical  Matrix in cartesian axes

     q = (    0.750000000   0.250000000   0.750000000 ) 

  1  1
  0.26532040  0.00000000    0.00689716  0.00825696    0.00672674  0.00000000
  0.00689716 -0.00825696    0.31784286  0.00000000    0.00689716 -0.00825696
  0.00672674  0.00000000    0.00689716  0.00825696    0.26532040  0.00000000
  1  2
  0.06583878 -0.06457688   -0.04817243  0.04550087   -0.15042650 -0.04602550
 -0.04817243  0.04550087    0.08462711 -0.06267371   -0.04817243  0.04550087
 -0.15042650 -0.04602550   -0.04817243  0.04550087    0.06583878 -0.06457688
  2  1
  0.06583878  0.06457688   -0.04817243 -0.04550087   -0.15042650  0.04602550
 -0.04817243 -0.04550087    0.08462711  0.06267371   -0.04817243 -0.04550087
 -0.15042650  0.04602550   -0.04817243 -0.04550087    0.06583878  0.06457688
  2  2
  0.26532040  0.00000000    0.00689716 -0.00825696    0.00672674  0.00000000
  0.00689716  0.00825696    0.31784286  0.00000000    0.00689716  0.00825696
  0.00672674  0.00000000    0.00689716 -0.00825696    0.26532040  0.00000000

     Dynamical  Matrix in cartesian axes

     q = (    0.250000000  -0.750000000   0.750000000 ) 

  1  1
  0.31784286  0.00000000   -0.00689716 -0.00825696    0.00689716  0.00825696
 -0.00689716  0.00825696    0.26532040  0.00000000   -0.00672674  0.00000000
  0.00689716 -0.00825696   -0.00672674  0.00000000    0.26532040  0.00000000
  1  2
 -0.08462711 -0.06267371   -0.04817243 -0.04550087    0.04817243  0.04550087
 -0.04817243 -0.04550087   -0.06583878 -0.06457688   -0.15042650  0.04602550
  0.04817243  0.04550087   -0.15042650  0.04602550   -0.06583878 -0.06457688
  2  1
 -0.08462711  0.06267371   -0.04817243  0.04550087    0.04817243 -0.04550087
 -0.04817243  0.04550087   -0.06583878  0.06457688   -0.15042650 -0.04602550
  0.04817243 -0.04550087   -0.15042650 -0.04602550   -0.06583878  0.06457688
  2  2
  0.31784286  0.00000000   -0.00689716  0.00825696    0.00689716 -0.00825696
 -0.00689716 -0.00825696    0.26532040  0.00000000   -0.00672674  0.00000000
  0.00689716  0.00825696   -0.00672674  0.00000000    0.26532040  0.00000000

     Dynamical  Matrix in cartesian axes

     q = (    0.750000000   0.250000000  -0.750000000 ) 

  1  1
  0.26532040  0.00000000    0.00689716 -0.00825696   -0.00672674  0.00000000
  0.00689716  0.00825696    0.31784286  0.00000000   -0.00689716 -0.00825696
 -0.00672674  0.00000000   -0.00689716  0.00825696    0.26532040  0.00000000
  1  2
 -0.06583878 -0.06457688    0.04817243  0.04550087   -0.15042650  0.04602550
  0.04817243  0.04550087   -0.08462711 -0.06267371   -0.04817243 -0.04550087
 -0.15042650  0.04602550   -0.04817243 -0.04550087   -0.06583878 -0.06457688
  2  1
 -0.06583878  0.06457688    0.04817243 -0.04550087   -0.15042650 -0.04602550
  0.04817243 -0.04550087   -0.08462711  0.06267371   -0.04817243  0.04550087
 -0.15042650 -0.04602550   -0.04817243  0.04550087   -0.06583878  0.06457688
  2  2
  0.26532040  0.00000000    0.00689716  0.00825696   -0.00672674  0.00000000
  0.00689716 -0.00825696    0.31784286  0.00000000   -0.00689716  0.00825696
 -0.00672674  0.00000000   -0.00689716 -0.00825696    0.26532040  0.00000000

     Dynamical  Matrix in cartesian axes

     q = (   -0.250000000  -0.750000000   0.750000000 ) 

  1  1
  0.31784286  0.00000000    0.00689716 -0.00825696   -0.00689716  0.00825696
  0.00689716  0.00825696    0.26532040  0.00000000   -0.00672674  0.00000000
 -0.00689716 -0.00825696   -0.00672674  0.00000000    0.26532040  0.00000000
  1  2
 -0.08462711  0.06267371    0.04817243 -0.04550087   -0.04817243  0.04550087
  0.04817243 -0.04550087   -0.06583878  0.06457688   -0.15042650 -0.04602550
 -0.04817243  0.04550087   -0.15042650 -0.04602550   -0.06583878  0.06457688
  2  1
 -0.08462711 -0.06267371    0.04817243  0.04550087   -0.04817243 -0.04550087
  0.04817243  0.04550087   -0.06583878 -0.06457688   -0.15042650  0.04602550
 -0.04817243 -0.04550087   -0.15042650  0.04602550   -0.06583878 -0.06457688
  2  2
  0.31784286  0.00000000    0.00689716  0.00825696   -0.00689716 -0.00825696
  0.00689716 -0.00825696    0.26532040  0.00000000   -0.00672674  0.00000000
 -0.00689716  0.00825696   -0.00672674  0.00000000    0.26532040  0.00000000

     Dynamical  Matrix in cartesian axes

     q = (    0.250000000  -0.750000000  -0.750000000 ) 

  1  1
  0.31784286  0.00000000   -0.00689716  0.00825696   -0.00689716  0.00825696
 -0.00689716 -0.00825696    0.26532040  0.00000000    0.00672674  0.00000000
 -0.00689716 -0.00825696    0.00672674  0.00000000    0.26532040  0.00000000
  1  2
 -0.06267371 -0.08462711   -0.04550087 -0.04817243   -0.04550087 -0.04817243
 -0.04550087 -0.04817243   -0.06457688 -0.06583878   -0.04602550  0.15042650
 -0.04550087 -0.04817243   -0.04602550  0.15042650   -0.06457688 -0.06583878
  2  1
 -0.06267371  0.08462711   -0.04550087  0.04817243   -0.04550087  0.04817243
 -0.04550087  0.04817243   -0.06457688  0.06583878   -0.04602550 -0.15042650
 -0.04550087  0.04817243   -0.04602550 -0.15042650   -0.06457688  0.06583878
  2  2
  0.31784286  0.00000000   -0.00689716 -0.00825696   -0.00689716 -0.00825696
 -0.00689716  0.00825696    0.26532040  0.00000000    0.00672674  0.00000000
 -0.00689716  0.00825696    0.00672674  0.00000000    0.26532040  0.00000000

     Diagonalizing the dynamical matrix

     q = (    0.750000000  -0.250000000   0.750000000 ) 

 **************************************************************************
     omega( 1) =       4.190538 [THz] =     139.782222 [cm-1]
 (  0.042733 -0.498171  0.000000  0.000000 -0.042733  0.498171 ) 
 (  0.500000  0.000000  0.000000  0.000000 -0.500000  0.000000 ) 
     omega( 2) =       5.946992 [THz] =     198.371610 [cm-1]
 ( -0.386665 -0.172800 -0.343408  0.152746 -0.386665 -0.172800 ) 
 ( -0.423521  0.000000 -0.251203 -0.279567 -0.423521  0.000000 ) 
     omega( 3) =       9.669407 [THz] =     322.538849 [cm-1]
 (  0.127858 -0.282012  0.366044  0.417438  0.127858 -0.282012 ) 
 ( -0.309643  0.000000  0.229042  0.505750 -0.309643  0.000000 ) 
     omega( 4) =      12.554666 [THz] =     418.781354 [cm-1]
 (  0.051413  0.313407 -0.401106 -0.370646  0.051413  0.313407 ) 
 ( -0.317596  0.000000  0.430690  0.335815 -0.317596  0.000000 ) 
     omega( 5) =      14.181176 [THz] =     473.036269 [cm-1]
 (  0.042733 -0.498171  0.000000  0.000000 -0.042733  0.498171 ) 
 ( -0.500000  0.000000  0.000000  0.000000  0.500000  0.000000 ) 
     omega( 6) =      14.571418 [THz] =     486.053423 [cm-1]
 ( -0.306394 -0.173225 -0.453126  0.216585 -0.306394 -0.173225 ) 
 (  0.351972  0.000000  0.287856  0.411547  0.351972  0.000000 ) 
 **************************************************************************
